 0	 0
 1.06647	 0
 1.34359	 0
 1.53803	 0
 1.69305	 0
 1.82373	 0
 1.93797	 0
 2.04013	 0
 2.13296	 0
 2.21836	 0
 2.29764	 0
 2.37191	 0
 2.44169	 561
 2.50769	 593
 2.5704	 569
 2.63018	 791
 2.68719	 884
 2.74247	 1001
 2.79479	 1138
 2.84601	 1077
 2.89469	 1162
 2.94252	 1267
 2.98813	 1263
 3.03308	 1138
 3.07606	 1303
 3.11854	 1275
 3.15924	 1215
 3.19955	 1190
 3.23826	 1319
 3.27665	 1114
 3.31359	 1182
 3.35029	 1275
 3.38565	 1138
 3.42083	 1211
 3.45476	 1134
 3.48857	 1085
 3.52121	 964
 3.55377	 815
 3.58575	 912
 3.61667	 888
 3.64756	 763
 3.67746	 835
 3.70734	 787
 3.73629	 775
 3.76525	 629
 3.79333	 730
 3.82144	 654
 3.84871	 529
 3.87602	 492
 3.90254	 456
 3.92911	 420
 3.95492	 343
 3.9808	 456
 4.00595	 359
 4.03118	 408
 4.05571	 371
 4.08033	 266
 4.10428	 250
 4.12832	 286
 4.15172	 186
 4.17523	 266
 4.19811	 190
 4.2211	 186
 4.24349	 145
 4.266	 161
 4.28792	 137
 4.30997	 133
 4.33145	 113
 4.35306	 141
 4.37413	 113
 4.39532	 89
 4.41598	 61
 4.43678	 97
 4.45738	 65
 4.47747	 52
 4.49771	 73
 4.51745	 48
 4.53732	 73
 4.55672	 69
 4.57626	 36
 4.59533	 81
 4.61455	 65
 4.6333	 48
 4.65221	 40
 4.67066	 56
 4.68927	 40
 4.70744	 32
 4.72575	 28
 4.74364	 36
 4.76168	 28
 4.7793	 40
 4.79707	 24
 4.81444	 20
 4.83195	 20
 4.84907	 20
 4.86634	 16
 4.88321	 24
 4.90024	 20
 4.91689	 12
 4.93368	 8
 4.95011	 0
 4.96668	 12
 4.98288	 24
 4.99924	 4
 5.01524	 0
 5.03138	 16
 5.04718	 0
 5.06312	 16
 5.07872	 12
 5.09446	 4
 5.11012	 8
 5.12543	 4
 5.14089	 4
 5.15602	 8
 5.1713	 0
 5.18626	 0
 5.20136	 8
 5.21614	 4
 5.23108	 0
 5.24569	 4
 5.26046	 4
 5.27491	 4
 5.28951	 0
 5.30381	 0
 5.31825	 4
 5.3324	 8
 5.34669	 12
 5.36068	 0
 5.37482	 0
 5.38867	 0
 5.40266	 0
 5.41637	 0
 5.43022	 4
 5.44379	 0
 5.4575	 4
 5.47093	 0
 5.48451	 4
 5.49782	 0
 5.51126	 4
 5.52444	 4
 5.53775	 0
 5.5508	 0
 5.56399	 0
 5.57692	 0
 5.58999	 0
 5.603	 0
 5.61574	 0
 5.62863	 0
 5.64126	 4
 5.65404	 0
 5.66655	 0
 5.67922	 0
 5.69162	 0
 5.70417	 0
 5.71647	 0
 5.72891	 0
 5.74111	 0
 5.75344	 4
 5.76649	 0
 5.77796	 0
 5.78937	 0
 5.80264	 0
 5.81396	 0
 5.82524	 0
 5.83834	 0
 5.84953	 0
 5.86067	 4
 5.87362	 4
 5.88467	 0
 5.89568	 4
 5.90847	 0
 5.91939	 0
 5.93027	 0
 5.94292	 0
 5.95371	 0
 5.96447	 0
 5.97697	 0
 5.98764	 0
 6.00005	 0
 6.01064	 0
 6.02119	 0
 6.03346	 0
 6.04393	 0
 6.05437	 0
 6.06651	 0
 6.07687	 0
 6.08719	 0
 6.0992	 0
 6.10945	 0
 6.11966	 0
 6.13154	 0
 6.14168	 0
 6.15179	 0
 6.16355	 0
 6.17358	 0
 6.18525	 0
 6.19522	 0
 6.20516	 0
 6.21671	 0
 6.22658	 0
 6.23642	 0
 6.24785	 0
 6.25762	 0
 6.26736	 0
 6.27869	 0
 6.28836	 0
 6.29801	 0
 6.30922	 0
 6.3188	 0
 6.32835	 0
 6.33946	 0
 6.34895	 0
 6.35841	 0
 6.36942	 0
 6.37882	 0
 6.38975	 0
 6.39909	 0
 6.40841	 0
 6.41924	 0
 6.4285	 0
 6.43773	 4
 6.44846	 0
 6.45763	 0
 6.46678	 0
 6.47742	 0
 6.48651	 0
 6.49558	 0
 6.50612	 0
 6.51513	 0
 6.52412	 0
 6.53457	 0
 6.54351	 0
 6.5539	 0
 6.56278	 0
 6.57163	 0
 6.58194	 0
 6.59074	 0
 6.59952	 0
 6.60974	 0
 6.61847	 0
 6.62718	 0
 6.63731	 4
 6.64597	 0
 6.65461	 0
 6.66466	 0
 6.67324	 0
 6.68181	 0
 6.69178	 0
 6.7003	 0
 6.70879	 0
 6.71868	 0
 6.72713	 0
 6.73696	 0
 6.74537	 0
 6.75375	 0
 6.76351	 73
 6.77327	 0
