 0	 0
 1.06647	 0
 1.34359	 0
 1.53803	 0
 1.69305	 0
 1.82373	 0
 1.93797	 0
 2.04013	 0
 2.13296	 0
 2.21836	 0
 2.29764	 0
 2.37191	 0
 2.44169	 493
 2.50769	 556
 2.5704	 623
 2.63018	 765
 2.68719	 837
 2.74247	 963
 2.79479	 998
 2.84601	 1227
 2.89469	 1180
 2.94252	 1286
 2.98813	 1231
 3.03308	 1140
 3.07606	 1203
 3.11854	 1259
 3.15924	 1192
 3.19955	 1180
 3.23826	 1184
 3.27665	 1223
 3.31359	 1255
 3.35029	 1239
 3.38565	 1129
 3.42083	 1168
 3.45476	 1069
 3.48857	 986
 3.52121	 1034
 3.55377	 947
 3.58575	 927
 3.61667	 817
 3.64756	 892
 3.67746	 750
 3.70734	 742
 3.73629	 718
 3.76525	 663
 3.79333	 619
 3.82144	 639
 3.84871	 525
 3.87602	 489
 3.90254	 438
 3.92911	 438
 3.95492	 387
 3.9808	 328
 4.00595	 339
 4.03118	 363
 4.05571	 324
 4.08033	 339
 4.10428	 316
 4.12832	 296
 4.15172	 288
 4.17523	 225
 4.19811	 253
 4.2211	 189
 4.24349	 170
 4.266	 162
 4.28792	 146
 4.30997	 126
 4.33145	 110
 4.35306	 150
 4.37413	 107
 4.39532	 103
 4.41598	 75
 4.43678	 67
 4.45738	 103
 4.47747	 103
 4.49771	 79
 4.51745	 47
 4.53732	 71
 4.55672	 39
 4.57626	 36
 4.59533	 43
 4.61455	 36
 4.6333	 36
 4.65221	 55
 4.67066	 36
 4.68927	 32
 4.70744	 20
 4.72575	 39
 4.74364	 36
 4.76168	 36
 4.7793	 16
 4.79707	 20
 4.81444	 16
 4.83195	 20
 4.84907	 36
 4.86634	 4
 4.88321	 16
 4.90024	 12
 4.91689	 16
 4.93368	 8
 4.95011	 12
 4.96668	 20
 4.98288	 8
 4.99924	 8
 5.01524	 16
 5.03138	 12
 5.04718	 4
 5.06312	 4
 5.07872	 8
 5.09446	 16
 5.11012	 0
 5.12543	 4
 5.14089	 4
 5.15602	 8
 5.1713	 8
 5.18626	 4
 5.20136	 4
 5.21614	 4
 5.23108	 12
 5.24569	 0
 5.26046	 4
 5.27491	 0
 5.28951	 0
 5.30381	 0
 5.31825	 0
 5.3324	 4
 5.34669	 8
 5.36068	 0
 5.37482	 0
 5.38867	 0
 5.40266	 0
 5.41637	 0
 5.43022	 0
 5.44379	 8
 5.4575	 4
 5.47093	 4
 5.48451	 0
 5.49782	 0
 5.51126	 0
 5.52444	 0
 5.53775	 0
 5.5508	 0
 5.56399	 0
 5.57692	 0
 5.58999	 0
 5.603	 4
 5.61574	 0
 5.62863	 0
 5.64126	 0
 5.65404	 4
 5.66655	 0
 5.67922	 0
 5.69162	 0
 5.70417	 0
 5.71647	 0
 5.72891	 0
 5.74111	 0
 5.75344	 0
 5.76649	 0
 5.77796	 0
 5.78937	 0
 5.80264	 0
 5.81396	 0
 5.82524	 0
 5.83834	 0
 5.84953	 0
 5.86067	 0
 5.87362	 0
 5.88467	 0
 5.89568	 0
 5.90847	 0
 5.91939	 0
 5.93027	 0
 5.94292	 0
 5.95371	 0
 5.96447	 0
 5.97697	 0
 5.98764	 4
 6.00005	 0
 6.01064	 0
 6.02119	 0
 6.03346	 0
 6.04393	 0
 6.05437	 0
 6.06651	 0
 6.07687	 0
 6.08719	 0
 6.0992	 0
 6.10945	 0
 6.11966	 0
 6.13154	 0
 6.14168	 0
 6.15179	 0
 6.16355	 0
 6.17358	 0
 6.18525	 0
 6.19522	 0
 6.20516	 0
 6.21671	 0
 6.22658	 0
 6.23642	 0
 6.24785	 0
 6.25762	 0
 6.26736	 0
 6.27869	 0
 6.28836	 0
 6.29801	 0
 6.30922	 0
 6.3188	 0
 6.32835	 0
 6.33946	 0
 6.34895	 0
 6.35841	 0
 6.36942	 0
 6.37882	 0
 6.38975	 0
 6.39909	 0
 6.40841	 0
 6.41924	 0
 6.4285	 0
 6.43773	 0
 6.44846	 0
 6.45763	 0
 6.46678	 0
 6.47742	 0
 6.48651	 0
 6.49558	 0
 6.50612	 0
 6.51513	 0
 6.52412	 0
 6.53457	 0
 6.54351	 0
 6.5539	 0
 6.56278	 0
 6.57163	 0
 6.58194	 0
 6.59074	 0
 6.59952	 0
 6.60974	 0
 6.61847	 0
 6.62718	 0
 6.63731	 0
 6.64597	 0
 6.65461	 0
 6.66466	 0
 6.67324	 0
 6.68181	 4
 6.69178	 0
 6.7003	 0
 6.70879	 0
 6.71868	 0
 6.72713	 4
 6.73696	 0
 6.74537	 0
 6.75375	 0
 6.76351	 36
 6.77327	 0
