 0	 0
 1.06647	 0
 1.34359	 0
 1.53803	 0
 1.69305	 0
 1.82373	 0
 1.93797	 0
 2.04013	 0
 2.13296	 0
 2.21836	 0
 2.29764	 0
 2.37191	 0
 2.44169	 389
 2.50769	 506
 2.5704	 660
 2.63018	 790
 2.68719	 855
 2.74247	 1029
 2.79479	 1215
 2.84601	 1041
 2.89469	 1296
 2.94252	 1304
 2.98813	 1195
 3.03308	 1069
 3.07606	 1207
 3.11854	 1203
 3.15924	 1333
 3.19955	 1256
 3.23826	 1102
 3.27665	 1373
 3.31359	 1199
 3.35029	 1134
 3.38565	 996
 3.42083	 992
 3.45476	 1057
 3.48857	 1065
 3.52121	 928
 3.55377	 1041
 3.58575	 940
 3.61667	 887
 3.64756	 766
 3.67746	 794
 3.70734	 774
 3.73629	 644
 3.76525	 709
 3.79333	 587
 3.82144	 587
 3.84871	 510
 3.87602	 510
 3.90254	 523
 3.92911	 458
 3.95492	 385
 3.9808	 494
 4.00595	 348
 4.03118	 373
 4.05571	 320
 4.08033	 304
 4.10428	 280
 4.12832	 267
 4.15172	 207
 4.17523	 243
 4.19811	 215
 4.2211	 231
 4.24349	 235
 4.266	 134
 4.28792	 186
 4.30997	 117
 4.33145	 138
 4.35306	 85
 4.37413	 166
 4.39532	 117
 4.41598	 93
 4.43678	 77
 4.45738	 93
 4.47747	 73
 4.49771	 61
 4.51745	 49
 4.53732	 73
 4.55672	 77
 4.57626	 61
 4.59533	 45
 4.61455	 45
 4.6333	 41
 4.65221	 32
 4.67066	 49
 4.68927	 45
 4.70744	 28
 4.72575	 12
 4.74364	 32
 4.76168	 28
 4.7793	 36
 4.79707	 45
 4.81444	 12
 4.83195	 12
 4.84907	 8
 4.86634	 12
 4.88321	 32
 4.90024	 12
 4.91689	 4
 4.93368	 8
 4.95011	 8
 4.96668	 24
 4.98288	 4
 4.99924	 8
 5.01524	 24
 5.03138	 8
 5.04718	 12
 5.06312	 12
 5.07872	 4
 5.09446	 0
 5.11012	 8
 5.12543	 12
 5.14089	 8
 5.15602	 0
 5.1713	 0
 5.18626	 8
 5.20136	 0
 5.21614	 4
 5.23108	 0
 5.24569	 0
 5.26046	 4
 5.27491	 0
 5.28951	 4
 5.30381	 8
 5.31825	 0
 5.3324	 0
 5.34669	 4
 5.36068	 0
 5.37482	 0
 5.38867	 4
 5.40266	 4
 5.41637	 4
 5.43022	 4
 5.44379	 0
 5.4575	 4
 5.47093	 0
 5.48451	 0
 5.49782	 0
 5.51126	 0
 5.52444	 4
 5.53775	 0
 5.5508	 4
 5.56399	 0
 5.57692	 0
 5.58999	 4
 5.603	 0
 5.61574	 4
 5.62863	 0
 5.64126	 0
 5.65404	 0
 5.66655	 0
 5.67922	 0
 5.69162	 0
 5.70417	 0
 5.71647	 0
 5.72891	 0
 5.74111	 4
 5.75344	 0
 5.76649	 0
 5.77796	 0
 5.78937	 4
 5.80264	 0
 5.81396	 0
 5.82524	 0
 5.83834	 0
 5.84953	 0
 5.86067	 0
 5.87362	 0
 5.88467	 0
 5.89568	 0
 5.90847	 0
 5.91939	 0
 5.93027	 4
 5.94292	 0
 5.95371	 0
 5.96447	 0
 5.97697	 0
 5.98764	 0
 6.00005	 0
 6.01064	 0
 6.02119	 0
 6.03346	 0
 6.04393	 0
 6.05437	 0
 6.06651	 0
 6.07687	 0
 6.08719	 0
 6.0992	 0
 6.10945	 0
 6.11966	 0
 6.13154	 0
 6.14168	 0
 6.15179	 0
 6.16355	 0
 6.17358	 0
 6.18525	 0
 6.19522	 0
 6.20516	 0
 6.21671	 0
 6.22658	 0
 6.23642	 0
 6.24785	 0
 6.25762	 0
 6.26736	 0
 6.27869	 0
 6.28836	 0
 6.29801	 0
 6.30922	 0
 6.3188	 0
 6.32835	 0
 6.33946	 0
 6.34895	 0
 6.35841	 0
 6.36942	 0
 6.37882	 0
 6.38975	 0
 6.39909	 0
 6.40841	 0
 6.41924	 0
 6.4285	 0
 6.43773	 0
 6.44846	 0
 6.45763	 0
 6.46678	 0
 6.47742	 0
 6.48651	 0
 6.49558	 0
 6.50612	 0
 6.51513	 0
 6.52412	 0
 6.53457	 0
 6.54351	 0
 6.5539	 0
 6.56278	 0
 6.57163	 0
 6.58194	 0
 6.59074	 0
 6.59952	 0
 6.60974	 0
 6.61847	 0
 6.62718	 0
 6.63731	 0
 6.64597	 0
 6.65461	 0
 6.66466	 0
 6.67324	 4
 6.68181	 0
 6.69178	 0
 6.7003	 0
 6.70879	 0
 6.71868	 0
 6.72713	 0
 6.73696	 0
 6.74537	 0
 6.75375	 4
 6.76351	 32
 6.77327	 0
