 0	 0
 1.06647	 0
 1.34359	 0
 1.53803	 0
 1.69305	 0
 1.82373	 0
 1.93797	 0
 2.04013	 0
 2.13296	 0
 2.21836	 0
 2.29764	 0
 2.37191	 0
 2.44169	 182
 2.50769	 237
 2.5704	 368
 2.63018	 423
 2.68719	 598
 2.74247	 768
 2.79479	 847
 2.84601	 926
 2.89469	 978
 2.94252	 1080
 2.98813	 1112
 3.03308	 1100
 3.07606	 1195
 3.11854	 1132
 3.15924	 1088
 3.19955	 1021
 3.23826	 1183
 3.27665	 946
 3.31359	 1128
 3.35029	 1160
 3.38565	 1041
 3.42083	 982
 3.45476	 902
 3.48857	 918
 3.52121	 958
 3.55377	 974
 3.58575	 871
 3.61667	 752
 3.64756	 831
 3.67746	 811
 3.70734	 724
 3.73629	 744
 3.76525	 641
 3.79333	 712
 3.82144	 542
 3.84871	 613
 3.87602	 518
 3.90254	 499
 3.92911	 522
 3.95492	 507
 3.9808	 487
 4.00595	 483
 4.03118	 420
 4.05571	 435
 4.08033	 340
 4.10428	 400
 4.12832	 376
 4.15172	 261
 4.17523	 317
 4.19811	 289
 4.2211	 265
 4.24349	 285
 4.266	 210
 4.28792	 261
 4.30997	 202
 4.33145	 162
 4.35306	 162
 4.37413	 174
 4.39532	 178
 4.41598	 166
 4.43678	 154
 4.45738	 127
 4.47747	 135
 4.49771	 135
 4.51745	 107
 4.53732	 107
 4.55672	 99
 4.57626	 111
 4.59533	 103
 4.61455	 83
 4.6333	 83
 4.65221	 99
 4.67066	 91
 4.68927	 55
 4.70744	 44
 4.72575	 107
 4.74364	 59
 4.76168	 63
 4.7793	 40
 4.79707	 32
 4.81444	 75
 4.83195	 24
 4.84907	 28
 4.86634	 24
 4.88321	 44
 4.90024	 32
 4.91689	 32
 4.93368	 59
 4.95011	 47
 4.96668	 40
 4.98288	 24
 4.99924	 20
 5.01524	 32
 5.03138	 32
 5.04718	 36
 5.06312	 4
 5.07872	 16
 5.09446	 24
 5.11012	 51
 5.12543	 32
 5.14089	 8
 5.15602	 0
 5.1713	 12
 5.18626	 24
 5.20136	 12
 5.21614	 8
 5.23108	 24
 5.24569	 8
 5.26046	 16
 5.27491	 8
 5.28951	 16
 5.30381	 12
 5.31825	 20
 5.3324	 4
 5.34669	 8
 5.36068	 0
 5.37482	 12
 5.38867	 0
 5.40266	 0
 5.41637	 16
 5.43022	 12
 5.44379	 4
 5.4575	 8
 5.47093	 0
 5.48451	 4
 5.49782	 4
 5.51126	 8
 5.52444	 16
 5.53775	 12
 5.5508	 8
 5.56399	 16
 5.57692	 8
 5.58999	 4
 5.603	 0
 5.61574	 4
 5.62863	 4
 5.64126	 8
 5.65404	 12
 5.66655	 4
 5.67922	 4
 5.69162	 4
 5.70417	 4
 5.71647	 8
 5.72891	 12
 5.74111	 4
 5.75344	 4
 5.76649	 0
 5.77796	 0
 5.78937	 4
 5.80264	 0
 5.81396	 0
 5.82524	 4
 5.83834	 8
 5.84953	 4
 5.86067	 4
 5.87362	 0
 5.88467	 0
 5.89568	 4
 5.90847	 0
 5.91939	 0
 5.93027	 0
 5.94292	 0
 5.95371	 0
 5.96447	 0
 5.97697	 0
 5.98764	 0
 6.00005	 4
 6.01064	 0
 6.02119	 0
 6.03346	 0
 6.04393	 0
 6.05437	 0
 6.06651	 4
 6.07687	 0
 6.08719	 0
 6.0992	 4
 6.10945	 0
 6.11966	 0
 6.13154	 0
 6.14168	 4
 6.15179	 0
 6.16355	 0
 6.17358	 4
 6.18525	 0
 6.19522	 0
 6.20516	 0
 6.21671	 4
 6.22658	 0
 6.23642	 4
 6.24785	 0
 6.25762	 0
 6.26736	 0
 6.27869	 0
 6.28836	 0
 6.29801	 0
 6.30922	 0
 6.3188	 0
 6.32835	 0
 6.33946	 0
 6.34895	 4
 6.35841	 0
 6.36942	 0
 6.37882	 4
 6.38975	 0
 6.39909	 0
 6.40841	 0
 6.41924	 0
 6.4285	 0
 6.43773	 0
 6.44846	 0
 6.45763	 0
 6.46678	 0
 6.47742	 0
 6.48651	 0
 6.49558	 0
 6.50612	 0
 6.51513	 0
 6.52412	 0
 6.53457	 0
 6.54351	 0
 6.5539	 0
 6.56278	 0
 6.57163	 4
 6.58194	 0
 6.59074	 0
 6.59952	 0
 6.60974	 0
 6.61847	 0
 6.62718	 0
 6.63731	 0
 6.64597	 0
 6.65461	 4
 6.66466	 0
 6.67324	 0
 6.68181	 0
 6.69178	 0
 6.7003	 0
 6.70879	 0
 6.71868	 0
 6.72713	 0
 6.73696	 0
 6.74537	 0
 6.75375	 0
 6.76351	 40
 6.77327	 0
