 0	 0
 1.06647	 0
 1.34359	 0
 1.53803	 0
 1.69305	 0
 1.82373	 0
 1.93797	 0
 2.04013	 0
 2.13296	 0
 2.21836	 0
 2.29764	 0
 2.37191	 0
 2.44169	 261
 2.50769	 356
 2.5704	 316
 2.63018	 458
 2.68719	 640
 2.74247	 814
 2.79479	 699
 2.84601	 980
 2.89469	 980
 2.94252	 909
 2.98813	 1071
 3.03308	 1170
 3.07606	 1098
 3.11854	 1114
 3.15924	 1083
 3.19955	 1091
 3.23826	 1047
 3.27665	 1134
 3.31359	 1197
 3.35029	 1051
 3.38565	 976
 3.42083	 952
 3.45476	 1095
 3.48857	 1027
 3.52121	 1035
 3.55377	 968
 3.58575	 735
 3.61667	 929
 3.64756	 830
 3.67746	 755
 3.70734	 703
 3.73629	 680
 3.76525	 680
 3.79333	 644
 3.82144	 656
 3.84871	 624
 3.87602	 561
 3.90254	 589
 3.92911	 478
 3.95492	 537
 3.9808	 387
 4.00595	 435
 4.03118	 375
 4.05571	 423
 4.08033	 367
 4.10428	 336
 4.12832	 324
 4.15172	 328
 4.17523	 312
 4.19811	 241
 4.2211	 320
 4.24349	 233
 4.266	 221
 4.28792	 229
 4.30997	 237
 4.33145	 194
 4.35306	 170
 4.37413	 194
 4.39532	 119
 4.41598	 170
 4.43678	 138
 4.45738	 150
 4.47747	 119
 4.49771	 95
 4.51745	 154
 4.53732	 87
 4.55672	 119
 4.57626	 83
 4.59533	 87
 4.61455	 99
 4.6333	 91
 4.65221	 95
 4.67066	 95
 4.68927	 51
 4.70744	 87
 4.72575	 67
 4.74364	 75
 4.76168	 83
 4.7793	 43
 4.79707	 51
 4.81444	 43
 4.83195	 47
 4.84907	 47
 4.86634	 47
 4.88321	 32
 4.90024	 24
 4.91689	 43
 4.93368	 47
 4.95011	 24
 4.96668	 32
 4.98288	 51
 4.99924	 24
 5.01524	 32
 5.03138	 8
 5.04718	 24
 5.06312	 20
 5.07872	 8
 5.09446	 20
 5.11012	 12
 5.12543	 20
 5.14089	 8
 5.15602	 4
 5.1713	 12
 5.18626	 28
 5.20136	 24
 5.21614	 24
 5.23108	 16
 5.24569	 12
 5.26046	 20
 5.27491	 8
 5.28951	 12
 5.30381	 12
 5.31825	 12
 5.3324	 16
 5.34669	 8
 5.36068	 4
 5.37482	 12
 5.38867	 8
 5.40266	 4
 5.41637	 8
 5.43022	 4
 5.44379	 4
 5.4575	 4
 5.47093	 12
 5.48451	 4
 5.49782	 4
 5.51126	 0
 5.52444	 12
 5.53775	 4
 5.5508	 20
 5.56399	 4
 5.57692	 0
 5.58999	 16
 5.603	 0
 5.61574	 0
 5.62863	 4
 5.64126	 4
 5.65404	 0
 5.66655	 4
 5.67922	 0
 5.69162	 0
 5.70417	 4
 5.71647	 4
 5.72891	 12
 5.74111	 8
 5.75344	 4
 5.76649	 0
 5.77796	 0
 5.78937	 12
 5.80264	 4
 5.81396	 4
 5.82524	 0
 5.83834	 0
 5.84953	 0
 5.86067	 0
 5.87362	 0
 5.88467	 0
 5.89568	 0
 5.90847	 0
 5.91939	 0
 5.93027	 0
 5.94292	 0
 5.95371	 4
 5.96447	 0
 5.97697	 0
 5.98764	 0
 6.00005	 8
 6.01064	 0
 6.02119	 4
 6.03346	 0
 6.04393	 4
 6.05437	 0
 6.06651	 0
 6.07687	 0
 6.08719	 0
 6.0992	 4
 6.10945	 0
 6.11966	 0
 6.13154	 4
 6.14168	 0
 6.15179	 0
 6.16355	 0
 6.17358	 0
 6.18525	 0
 6.19522	 0
 6.20516	 4
 6.21671	 0
 6.22658	 0
 6.23642	 0
 6.24785	 0
 6.25762	 0
 6.26736	 0
 6.27869	 4
 6.28836	 0
 6.29801	 0
 6.30922	 0
 6.3188	 0
 6.32835	 0
 6.33946	 0
 6.34895	 0
 6.35841	 0
 6.36942	 0
 6.37882	 4
 6.38975	 0
 6.39909	 0
 6.40841	 0
 6.41924	 0
 6.4285	 0
 6.43773	 0
 6.44846	 0
 6.45763	 0
 6.46678	 0
 6.47742	 0
 6.48651	 0
 6.49558	 0
 6.50612	 0
 6.51513	 0
 6.52412	 0
 6.53457	 0
 6.54351	 0
 6.5539	 0
 6.56278	 0
 6.57163	 0
 6.58194	 0
 6.59074	 0
 6.59952	 0
 6.60974	 0
 6.61847	 0
 6.62718	 0
 6.63731	 0
 6.64597	 0
 6.65461	 0
 6.66466	 0
 6.67324	 0
 6.68181	 0
 6.69178	 4
 6.7003	 0
 6.70879	 0
 6.71868	 0
 6.72713	 0
 6.73696	 0
 6.74537	 0
 6.75375	 0
 6.76351	 51
 6.77327	 0
