 0	 0
 1.06647	 0
 1.34359	 0
 1.53803	 0
 1.69305	 0
 1.82373	 0
 1.93797	 0
 2.04013	 0
 2.13296	 0
 2.21836	 0
 2.29764	 0
 2.37191	 0
 2.44169	 228
 2.50769	 327
 2.5704	 366
 2.63018	 414
 2.68719	 567
 2.74247	 689
 2.79479	 843
 2.84601	 843
 2.89469	 886
 2.94252	 1064
 2.98813	 1012
 3.03308	 1075
 3.07606	 1201
 3.11854	 1095
 3.15924	 1087
 3.19955	 1107
 3.23826	 1166
 3.27665	 1131
 3.31359	 1052
 3.35029	 1146
 3.38565	 1052
 3.42083	 918
 3.45476	 938
 3.48857	 1008
 3.52121	 1075
 3.55377	 878
 3.58575	 1016
 3.61667	 859
 3.64756	 859
 3.67746	 808
 3.70734	 756
 3.73629	 654
 3.76525	 701
 3.79333	 689
 3.82144	 626
 3.84871	 599
 3.87602	 634
 3.90254	 579
 3.92911	 599
 3.95492	 449
 3.9808	 433
 4.00595	 425
 4.03118	 347
 4.05571	 362
 4.08033	 378
 4.10428	 441
 4.12832	 331
 4.15172	 374
 4.17523	 288
 4.19811	 252
 4.2211	 268
 4.24349	 232
 4.266	 205
 4.28792	 209
 4.30997	 232
 4.33145	 201
 4.35306	 142
 4.37413	 181
 4.39532	 134
 4.41598	 142
 4.43678	 169
 4.45738	 138
 4.47747	 134
 4.49771	 91
 4.51745	 126
 4.53732	 118
 4.55672	 67
 4.57626	 87
 4.59533	 91
 4.61455	 114
 4.6333	 71
 4.65221	 71
 4.67066	 83
 4.68927	 67
 4.70744	 87
 4.72575	 59
 4.74364	 63
 4.76168	 24
 4.7793	 51
 4.79707	 32
 4.81444	 32
 4.83195	 63
 4.84907	 43
 4.86634	 43
 4.88321	 39
 4.90024	 51
 4.91689	 47
 4.93368	 35
 4.95011	 28
 4.96668	 35
 4.98288	 47
 4.99924	 32
 5.01524	 32
 5.03138	 20
 5.04718	 20
 5.06312	 12
 5.07872	 24
 5.09446	 16
 5.11012	 35
 5.12543	 12
 5.14089	 32
 5.15602	 16
 5.1713	 16
 5.18626	 20
 5.20136	 20
 5.21614	 12
 5.23108	 28
 5.24569	 8
 5.26046	 16
 5.27491	 8
 5.28951	 20
 5.30381	 16
 5.31825	 0
 5.3324	 4
 5.34669	 16
 5.36068	 12
 5.37482	 12
 5.38867	 20
 5.40266	 8
 5.41637	 12
 5.43022	 0
 5.44379	 4
 5.4575	 0
 5.47093	 8
 5.48451	 20
 5.49782	 12
 5.51126	 12
 5.52444	 4
 5.53775	 4
 5.5508	 16
 5.56399	 8
 5.57692	 0
 5.58999	 0
 5.603	 12
 5.61574	 0
 5.62863	 0
 5.64126	 4
 5.65404	 8
 5.66655	 4
 5.67922	 0
 5.69162	 4
 5.70417	 0
 5.71647	 0
 5.72891	 0
 5.74111	 0
 5.75344	 4
 5.76649	 4
 5.77796	 0
 5.78937	 0
 5.80264	 0
 5.81396	 4
 5.82524	 4
 5.83834	 4
 5.84953	 0
 5.86067	 0
 5.87362	 0
 5.88467	 4
 5.89568	 0
 5.90847	 4
 5.91939	 0
 5.93027	 0
 5.94292	 4
 5.95371	 4
 5.96447	 0
 5.97697	 4
 5.98764	 0
 6.00005	 4
 6.01064	 4
 6.02119	 8
 6.03346	 0
 6.04393	 0
 6.05437	 4
 6.06651	 0
 6.07687	 0
 6.08719	 0
 6.0992	 0
 6.10945	 0
 6.11966	 0
 6.13154	 0
 6.14168	 0
 6.15179	 4
 6.16355	 0
 6.17358	 0
 6.18525	 0
 6.19522	 0
 6.20516	 0
 6.21671	 0
 6.22658	 4
 6.23642	 0
 6.24785	 0
 6.25762	 0
 6.26736	 0
 6.27869	 0
 6.28836	 0
 6.29801	 0
 6.30922	 4
 6.3188	 0
 6.32835	 4
 6.33946	 0
 6.34895	 0
 6.35841	 0
 6.36942	 0
 6.37882	 0
 6.38975	 0
 6.39909	 0
 6.40841	 0
 6.41924	 0
 6.4285	 0
 6.43773	 0
 6.44846	 0
 6.45763	 0
 6.46678	 0
 6.47742	 0
 6.48651	 0
 6.49558	 0
 6.50612	 0
 6.51513	 0
 6.52412	 0
 6.53457	 0
 6.54351	 0
 6.5539	 0
 6.56278	 0
 6.57163	 0
 6.58194	 0
 6.59074	 0
 6.59952	 0
 6.60974	 0
 6.61847	 0
 6.62718	 4
 6.63731	 0
 6.64597	 0
 6.65461	 0
 6.66466	 0
 6.67324	 0
 6.68181	 0
 6.69178	 0
 6.7003	 0
 6.70879	 4
 6.71868	 0
 6.72713	 0
 6.73696	 0
 6.74537	 0
 6.75375	 0
 6.76351	 63
 6.77327	 0
