 0	 0
 1.06647	 0
 1.34359	 0
 1.53803	 0
 1.69305	 0
 1.82373	 0
 1.93797	 0
 2.04013	 0
 2.13296	 0
 2.21836	 0
 2.29764	 0
 2.37191	 0
 2.44169	 31
 2.50769	 47
 2.5704	 33
 2.63018	 45
 2.68719	 50
 2.74247	 52
 2.79479	 63
 2.84601	 50
 2.89469	 63
 2.94252	 61
 2.98813	 56
 3.03308	 61
 3.07606	 52
 3.11854	 61
 3.15924	 63
 3.19955	 66
 3.23826	 42
 3.27665	 64
 3.31359	 73
 3.35029	 69
 3.38565	 76
 3.42083	 82
 3.45476	 57
 3.48857	 47
 3.52121	 78
 3.55377	 69
 3.58575	 49
 3.61667	 49
 3.64756	 63
 3.67746	 49
 3.70734	 47
 3.73629	 85
 3.76525	 56
 3.79333	 63
 3.82144	 66
 3.84871	 49
 3.87602	 61
 3.90254	 36
 3.92911	 56
 3.95492	 56
 3.9808	 35
 4.00595	 31
 4.03118	 50
 4.05571	 31
 4.08033	 68
 4.10428	 52
 4.12832	 49
 4.15172	 40
 4.17523	 47
 4.19811	 36
 4.2211	 50
 4.24349	 35
 4.266	 45
 4.28792	 30
 4.30997	 30
 4.33145	 33
 4.35306	 42
 4.37413	 45
 4.39532	 40
 4.41598	 35
 4.43678	 57
 4.45738	 30
 4.47747	 38
 4.49771	 33
 4.51745	 35
 4.53732	 31
 4.55672	 59
 4.57626	 30
 4.59533	 42
 4.61455	 28
 4.6333	 36
 4.65221	 24
 4.67066	 28
 4.68927	 54
 4.70744	 40
 4.72575	 30
 4.74364	 42
 4.76168	 31
 4.7793	 30
 4.79707	 23
 4.81444	 35
 4.83195	 26
 4.84907	 30
 4.86634	 47
 4.88321	 28
 4.90024	 28
 4.91689	 26
 4.93368	 38
 4.95011	 30
 4.96668	 26
 4.98288	 31
 4.99924	 19
 5.01524	 26
 5.03138	 28
 5.04718	 24
 5.06312	 21
 5.07872	 21
 5.09446	 26
 5.11012	 40
 5.12543	 24
 5.14089	 17
 5.15602	 19
 5.1713	 14
 5.18626	 36
 5.20136	 30
 5.21614	 30
 5.23108	 24
 5.24569	 17
 5.26046	 26
 5.27491	 17
 5.28951	 10
 5.30381	 10
 5.31825	 36
 5.3324	 23
 5.34669	 16
 5.36068	 21
 5.37482	 16
 5.38867	 28
 5.40266	 12
 5.41637	 24
 5.43022	 19
 5.44379	 7
 5.4575	 9
 5.47093	 16
 5.48451	 24
 5.49782	 17
 5.51126	 19
 5.52444	 9
 5.53775	 14
 5.5508	 12
 5.56399	 14
 5.57692	 10
 5.58999	 12
 5.603	 10
 5.61574	 10
 5.62863	 16
 5.64126	 14
 5.65404	 10
 5.66655	 7
 5.67922	 10
 5.69162	 14
 5.70417	 10
 5.71647	 5
 5.72891	 12
 5.74111	 9
 5.75344	 14
 5.76649	 14
 5.77796	 7
 5.78937	 12
 5.80264	 10
 5.81396	 14
 5.82524	 3
 5.83834	 7
 5.84953	 12
 5.86067	 12
 5.87362	 10
 5.88467	 14
 5.89568	 7
 5.90847	 3
 5.91939	 10
 5.93027	 5
 5.94292	 3
 5.95371	 5
 5.96447	 14
 5.97697	 9
 5.98764	 5
 6.00005	 2
 6.01064	 0
 6.02119	 10
 6.03346	 0
 6.04393	 9
 6.05437	 5
 6.06651	 3
 6.07687	 7
 6.08719	 7
 6.0992	 7
 6.10945	 7
 6.11966	 7
 6.13154	 3
 6.14168	 5
 6.15179	 7
 6.16355	 0
 6.17358	 3
 6.18525	 2
 6.19522	 0
 6.20516	 2
 6.21671	 5
 6.22658	 3
 6.23642	 5
 6.24785	 7
 6.25762	 3
 6.26736	 5
 6.27869	 2
 6.28836	 0
 6.29801	 5
 6.30922	 2
 6.3188	 5
 6.32835	 3
 6.33946	 2
 6.34895	 3
 6.35841	 5
 6.36942	 3
 6.37882	 2
 6.38975	 7
 6.39909	 7
 6.40841	 0
 6.41924	 2
 6.4285	 5
 6.43773	 2
 6.44846	 2
 6.45763	 0
 6.46678	 3
 6.47742	 7
 6.48651	 0
 6.49558	 0
 6.50612	 0
 6.51513	 0
 6.52412	 0
 6.53457	 0
 6.54351	 2
 6.5539	 2
 6.56278	 0
 6.57163	 0
 6.58194	 2
 6.59074	 7
 6.59952	 2
 6.60974	 3
 6.61847	 2
 6.62718	 0
 6.63731	 0
 6.64597	 3
 6.65461	 0
 6.66466	 5
 6.67324	 0
 6.68181	 2
 6.69178	 0
 6.7003	 2
 6.70879	 2
 6.71868	 2
 6.72713	 0
 6.73696	 3
 6.74537	 2
 6.75375	 0
 6.76351	 66
 6.77327	 0
