 0	 0
 1.06647	 0
 1.34359	 0
 1.53803	 0
 1.69305	 0
 1.82373	 0
 1.93797	 0
 2.04013	 0
 2.13296	 0
 2.21836	 0
 2.29764	 0
 2.37191	 0
 2.44169	 36
 2.50769	 46
 2.5704	 55
 2.63018	 50
 2.68719	 50
 2.74247	 39
 2.79479	 53
 2.84601	 55
 2.89469	 63
 2.94252	 50
 2.98813	 75
 3.03308	 68
 3.07606	 63
 3.11854	 53
 3.15924	 73
 3.19955	 65
 3.23826	 75
 3.27665	 65
 3.31359	 75
 3.35029	 70
 3.38565	 68
 3.42083	 61
 3.45476	 67
 3.48857	 46
 3.52121	 80
 3.55377	 55
 3.58575	 46
 3.61667	 75
 3.64756	 53
 3.67746	 67
 3.70734	 58
 3.73629	 63
 3.76525	 65
 3.79333	 36
 3.82144	 55
 3.84871	 44
 3.87602	 56
 3.90254	 41
 3.92911	 31
 3.95492	 31
 3.9808	 41
 4.00595	 44
 4.03118	 26
 4.05571	 36
 4.08033	 50
 4.10428	 31
 4.12832	 46
 4.15172	 48
 4.17523	 38
 4.19811	 41
 4.2211	 26
 4.24349	 43
 4.266	 36
 4.28792	 29
 4.30997	 39
 4.33145	 41
 4.35306	 44
 4.37413	 43
 4.39532	 38
 4.41598	 32
 4.43678	 24
 4.45738	 22
 4.47747	 36
 4.49771	 31
 4.51745	 46
 4.53732	 43
 4.55672	 34
 4.57626	 36
 4.59533	 39
 4.61455	 26
 4.6333	 36
 4.65221	 22
 4.67066	 31
 4.68927	 44
 4.70744	 29
 4.72575	 44
 4.74364	 27
 4.76168	 26
 4.7793	 31
 4.79707	 38
 4.81444	 36
 4.83195	 26
 4.84907	 24
 4.86634	 44
 4.88321	 17
 4.90024	 34
 4.91689	 24
 4.93368	 27
 4.95011	 36
 4.96668	 27
 4.98288	 32
 4.99924	 17
 5.01524	 27
 5.03138	 20
 5.04718	 27
 5.06312	 24
 5.07872	 19
 5.09446	 24
 5.11012	 17
 5.12543	 31
 5.14089	 26
 5.15602	 17
 5.1713	 22
 5.18626	 22
 5.20136	 27
 5.21614	 20
 5.23108	 22
 5.24569	 19
 5.26046	 29
 5.27491	 17
 5.28951	 12
 5.30381	 17
 5.31825	 26
 5.3324	 22
 5.34669	 27
 5.36068	 19
 5.37482	 17
 5.38867	 19
 5.40266	 29
 5.41637	 14
 5.43022	 26
 5.44379	 14
 5.4575	 22
 5.47093	 17
 5.48451	 10
 5.49782	 7
 5.51126	 10
 5.52444	 15
 5.53775	 10
 5.5508	 17
 5.56399	 10
 5.57692	 17
 5.58999	 19
 5.603	 12
 5.61574	 12
 5.62863	 12
 5.64126	 14
 5.65404	 17
 5.66655	 10
 5.67922	 14
 5.69162	 14
 5.70417	 9
 5.71647	 12
 5.72891	 2
 5.74111	 9
 5.75344	 14
 5.76649	 10
 5.77796	 10
 5.78937	 7
 5.80264	 3
 5.81396	 7
 5.82524	 3
 5.83834	 9
 5.84953	 5
 5.86067	 5
 5.87362	 2
 5.88467	 3
 5.89568	 7
 5.90847	 5
 5.91939	 9
 5.93027	 3
 5.94292	 3
 5.95371	 3
 5.96447	 9
 5.97697	 3
 5.98764	 5
 6.00005	 2
 6.01064	 7
 6.02119	 5
 6.03346	 9
 6.04393	 9
 6.05437	 9
 6.06651	 3
 6.07687	 3
 6.08719	 3
 6.0992	 2
 6.10945	 3
 6.11966	 7
 6.13154	 5
 6.14168	 5
 6.15179	 3
 6.16355	 9
 6.17358	 3
 6.18525	 7
 6.19522	 3
 6.20516	 7
 6.21671	 5
 6.22658	 7
 6.23642	 3
 6.24785	 3
 6.25762	 0
 6.26736	 2
 6.27869	 7
 6.28836	 5
 6.29801	 2
 6.30922	 2
 6.3188	 5
 6.32835	 2
 6.33946	 3
 6.34895	 5
 6.35841	 3
 6.36942	 0
 6.37882	 0
 6.38975	 2
 6.39909	 2
 6.40841	 0
 6.41924	 5
 6.4285	 0
 6.43773	 2
 6.44846	 0
 6.45763	 9
 6.46678	 5
 6.47742	 9
 6.48651	 5
 6.49558	 3
 6.50612	 7
 6.51513	 0
 6.52412	 2
 6.53457	 0
 6.54351	 0
 6.5539	 3
 6.56278	 3
 6.57163	 5
 6.58194	 3
 6.59074	 3
 6.59952	 0
 6.60974	 0
 6.61847	 0
 6.62718	 5
 6.63731	 2
 6.64597	 2
 6.65461	 2
 6.66466	 2
 6.67324	 3
 6.68181	 3
 6.69178	 3
 6.7003	 3
 6.70879	 0
 6.71868	 0
 6.72713	 2
 6.73696	 0
 6.74537	 2
 6.75375	 3
 6.76351	 34
 6.77327	 0
