 0	 0
 1.06647	 0
 1.34359	 0
 1.53803	 0
 1.69305	 0
 1.82373	 0
 1.93797	 0
 2.04013	 0
 2.13296	 0
 2.21836	 0
 2.29764	 0
 2.37191	 0
 2.44169	 20
 2.50769	 49
 2.5704	 60
 2.63018	 59
 2.68719	 39
 2.74247	 49
 2.79479	 52
 2.84601	 50
 2.89469	 65
 2.94252	 62
 2.98813	 45
 3.03308	 60
 3.07606	 62
 3.11854	 60
 3.15924	 75
 3.19955	 75
 3.23826	 59
 3.27665	 82
 3.31359	 64
 3.35029	 84
 3.38565	 65
 3.42083	 54
 3.45476	 90
 3.48857	 55
 3.52121	 72
 3.55377	 70
 3.58575	 54
 3.61667	 75
 3.64756	 72
 3.67746	 55
 3.70734	 59
 3.73629	 64
 3.76525	 39
 3.79333	 70
 3.82144	 54
 3.84871	 45
 3.87602	 57
 3.90254	 44
 3.92911	 40
 3.95492	 45
 3.9808	 40
 4.00595	 47
 4.03118	 45
 4.05571	 47
 4.08033	 44
 4.10428	 40
 4.12832	 49
 4.15172	 45
 4.17523	 37
 4.19811	 39
 4.2211	 35
 4.24349	 54
 4.266	 40
 4.28792	 39
 4.30997	 23
 4.33145	 32
 4.35306	 35
 4.37413	 45
 4.39532	 44
 4.41598	 35
 4.43678	 28
 4.45738	 20
 4.47747	 25
 4.49771	 45
 4.51745	 44
 4.53732	 40
 4.55672	 40
 4.57626	 40
 4.59533	 40
 4.61455	 30
 4.6333	 35
 4.65221	 45
 4.67066	 33
 4.68927	 55
 4.70744	 35
 4.72575	 35
 4.74364	 44
 4.76168	 23
 4.7793	 37
 4.79707	 25
 4.81444	 30
 4.83195	 23
 4.84907	 32
 4.86634	 28
 4.88321	 18
 4.90024	 35
 4.91689	 15
 4.93368	 32
 4.95011	 28
 4.96668	 25
 4.98288	 32
 4.99924	 13
 5.01524	 23
 5.03138	 25
 5.04718	 17
 5.06312	 37
 5.07872	 28
 5.09446	 25
 5.11012	 22
 5.12543	 23
 5.14089	 28
 5.15602	 8
 5.1713	 28
 5.18626	 23
 5.20136	 27
 5.21614	 22
 5.23108	 13
 5.24569	 12
 5.26046	 28
 5.27491	 27
 5.28951	 18
 5.30381	 28
 5.31825	 32
 5.3324	 30
 5.34669	 32
 5.36068	 15
 5.37482	 30
 5.38867	 12
 5.40266	 30
 5.41637	 18
 5.43022	 18
 5.44379	 20
 5.4575	 10
 5.47093	 18
 5.48451	 23
 5.49782	 12
 5.51126	 20
 5.52444	 18
 5.53775	 20
 5.5508	 15
 5.56399	 13
 5.57692	 25
 5.58999	 5
 5.603	 20
 5.61574	 15
 5.62863	 15
 5.64126	 10
 5.65404	 12
 5.66655	 7
 5.67922	 12
 5.69162	 7
 5.70417	 13
 5.71647	 5
 5.72891	 5
 5.74111	 2
 5.75344	 15
 5.76649	 5
 5.77796	 8
 5.78937	 5
 5.80264	 8
 5.81396	 7
 5.82524	 10
 5.83834	 10
 5.84953	 10
 5.86067	 2
 5.87362	 7
 5.88467	 2
 5.89568	 2
 5.90847	 5
 5.91939	 7
 5.93027	 12
 5.94292	 5
 5.95371	 15
 5.96447	 7
 5.97697	 7
 5.98764	 8
 6.00005	 2
 6.01064	 3
 6.02119	 0
 6.03346	 3
 6.04393	 3
 6.05437	 13
 6.06651	 3
 6.07687	 7
 6.08719	 7
 6.0992	 2
 6.10945	 7
 6.11966	 3
 6.13154	 2
 6.14168	 3
 6.15179	 5
 6.16355	 3
 6.17358	 2
 6.18525	 2
 6.19522	 2
 6.20516	 0
 6.21671	 7
 6.22658	 5
 6.23642	 5
 6.24785	 10
 6.25762	 2
 6.26736	 0
 6.27869	 2
 6.28836	 2
 6.29801	 2
 6.30922	 3
 6.3188	 0
 6.32835	 2
 6.33946	 5
 6.34895	 5
 6.35841	 0
 6.36942	 2
 6.37882	 5
 6.38975	 2
 6.39909	 7
 6.40841	 3
 6.41924	 0
 6.4285	 5
 6.43773	 0
 6.44846	 2
 6.45763	 7
 6.46678	 2
 6.47742	 5
 6.48651	 3
 6.49558	 2
 6.50612	 0
 6.51513	 2
 6.52412	 2
 6.53457	 2
 6.54351	 2
 6.5539	 2
 6.56278	 2
 6.57163	 3
 6.58194	 3
 6.59074	 2
 6.59952	 0
 6.60974	 0
 6.61847	 3
 6.62718	 2
 6.63731	 0
 6.64597	 0
 6.65461	 3
 6.66466	 0
 6.67324	 0
 6.68181	 2
 6.69178	 3
 6.7003	 2
 6.70879	 0
 6.71868	 0
 6.72713	 0
 6.73696	 0
 6.74537	 0
 6.75375	 0
 6.76351	 54
 6.77327	 0
