 0	 0
 1.06647	 0
 1.34359	 0
 1.53803	 0
 1.69305	 0
 1.82373	 0
 1.93797	 0
 2.04013	 0
 2.13296	 0
 2.21836	 0
 2.29764	 0
 2.37191	 0
 2.44169	 11
 2.50769	 16
 2.5704	 24
 2.63018	 22
 2.68719	 26
 2.74247	 32
 2.79479	 42
 2.84601	 53
 2.89469	 59
 2.94252	 43
 2.98813	 41
 3.03308	 45
 3.07606	 38
 3.11854	 58
 3.15924	 35
 3.19955	 45
 3.23826	 35
 3.27665	 41
 3.31359	 32
 3.35029	 38
 3.38565	 49
 3.42083	 24
 3.45476	 38
 3.48857	 31
 3.52121	 31
 3.55377	 28
 3.58575	 30
 3.61667	 32
 3.64756	 27
 3.67746	 30
 3.70734	 23
 3.73629	 31
 3.76525	 34
 3.79333	 18
 3.82144	 22
 3.84871	 15
 3.87602	 32
 3.90254	 12
 3.92911	 32
 3.95492	 22
 3.9808	 19
 4.00595	 27
 4.03118	 26
 4.05571	 15
 4.08033	 18
 4.10428	 18
 4.12832	 15
 4.15172	 7
 4.17523	 14
 4.19811	 15
 4.2211	 14
 4.24349	 11
 4.266	 12
 4.28792	 8
 4.30997	 11
 4.33145	 4
 4.35306	 4
 4.37413	 8
 4.39532	 8
 4.41598	 7
 4.43678	 5
 4.45738	 0
 4.47747	 4
 4.49771	 3
 4.51745	 7
 4.53732	 1
 4.55672	 3
 4.57626	 1
 4.59533	 5
 4.61455	 5
 4.6333	 1
 4.65221	 0
 4.67066	 3
 4.68927	 1
 4.70744	 1
 4.72575	 0
 4.74364	 0
 4.76168	 1
 4.7793	 1
 4.79707	 4
 4.81444	 0
 4.83195	 4
 4.84907	 0
 4.86634	 0
 4.88321	 1
 4.90024	 0
 4.91689	 0
 4.93368	 4
 4.95011	 1
 4.96668	 0
 4.98288	 0
 4.99924	 1
 5.01524	 0
 5.03138	 1
 5.04718	 0
 5.06312	 1
 5.07872	 1
 5.09446	 1
 5.11012	 0
 5.12543	 0
 5.14089	 0
 5.15602	 0
 5.1713	 0
 5.18626	 1
 5.20136	 0
 5.21614	 0
 5.23108	 0
 5.24569	 0
 5.26046	 0
 5.27491	 1
 5.28951	 0
 5.30381	 1
 5.31825	 1
 5.3324	 0
 5.34669	 0
 5.36068	 1
 5.37482	 1
 5.38867	 0
 5.40266	 1
 5.41637	 0
 5.43022	 0
 5.44379	 1
 5.4575	 0
 5.47093	 0
 5.48451	 1
 5.49782	 0
 5.51126	 0
 5.52444	 0
 5.53775	 0
 5.5508	 1
 5.56399	 0
 5.57692	 1
 5.58999	 0
 5.603	 1
 5.61574	 0
 5.62863	 0
 5.64126	 0
 5.65404	 0
 5.66655	 0
 5.67922	 0
 5.69162	 0
 5.70417	 0
 5.71647	 0
 5.72891	 0
 5.74111	 1
 5.75344	 0
 5.76649	 0
 5.77796	 1
 5.78937	 0
 5.80264	 0
 5.81396	 0
 5.82524	 0
 5.83834	 1
 5.84953	 0
 5.86067	 0
 5.87362	 0
 5.88467	 0
 5.89568	 0
 5.90847	 0
 5.91939	 0
 5.93027	 0
 5.94292	 0
 5.95371	 0
 5.96447	 0
 5.97697	 0
 5.98764	 0
 6.00005	 1
 6.01064	 0
 6.02119	 0
 6.03346	 0
 6.04393	 0
 6.05437	 0
 6.06651	 1
 6.07687	 0
 6.08719	 0
 6.0992	 0
 6.10945	 0
 6.11966	 0
 6.13154	 1
 6.14168	 0
 6.15179	 0
 6.16355	 0
 6.17358	 0
 6.18525	 1
 6.19522	 0
 6.20516	 0
 6.21671	 0
 6.22658	 0
 6.23642	 0
 6.24785	 0
 6.25762	 0
 6.26736	 0
 6.27869	 0
 6.28836	 0
 6.29801	 0
 6.30922	 0
 6.3188	 0
 6.32835	 0
 6.33946	 0
 6.34895	 0
 6.35841	 0
 6.36942	 1
 6.37882	 0
 6.38975	 1
 6.39909	 0
 6.40841	 0
 6.41924	 0
 6.4285	 0
 6.43773	 0
 6.44846	 0
 6.45763	 0
 6.46678	 0
 6.47742	 0
 6.48651	 0
 6.49558	 0
 6.50612	 0
 6.51513	 0
 6.52412	 0
 6.53457	 0
 6.54351	 0
 6.5539	 0
 6.56278	 0
 6.57163	 0
 6.58194	 0
 6.59074	 0
 6.59952	 0
 6.60974	 0
 6.61847	 0
 6.62718	 0
 6.63731	 0
 6.64597	 0
 6.65461	 0
 6.66466	 0
 6.67324	 0
 6.68181	 0
 6.69178	 0
 6.7003	 0
 6.70879	 0
 6.71868	 0
 6.72713	 0
 6.73696	 0
 6.74537	 0
 6.75375	 0
 6.76351	 16
 6.77327	 0
