 0	 0
 1.06647	 0
 1.34359	 0
 1.53803	 0
 1.69305	 0
 1.82373	 0
 1.93797	 0
 2.04013	 0
 2.13296	 0
 2.21836	 0
 2.29764	 0
 2.37191	 0
 2.44169	 261
 2.50769	 433
 2.5704	 524
 2.63018	 555
 2.68719	 544
 2.74247	 590
 2.79479	 508
 2.84601	 491
 2.89469	 482
 2.94252	 420
 2.98813	 451
 3.03308	 502
 3.07606	 455
 3.11854	 422
 3.15924	 469
 3.19955	 442
 3.23826	 407
 3.27665	 393
 3.31359	 420
 3.35029	 362
 3.38565	 382
 3.42083	 365
 3.45476	 393
 3.48857	 323
 3.52121	 263
 3.55377	 354
 3.58575	 252
 3.61667	 217
 3.64756	 265
 3.67746	 223
 3.70734	 199
 3.73629	 199
 3.76525	 137
 3.79333	 166
 3.82144	 137
 3.84871	 93
 3.87602	 93
 3.90254	 82
 3.92911	 99
 3.95492	 73
 3.9808	 66
 4.00595	 73
 4.03118	 86
 4.05571	 44
 4.08033	 51
 4.10428	 62
 4.12832	 62
 4.15172	 33
 4.17523	 42
 4.19811	 46
 4.2211	 40
 4.24349	 31
 4.266	 27
 4.28792	 24
 4.30997	 24
 4.33145	 18
 4.35306	 31
 4.37413	 31
 4.39532	 29
 4.41598	 20
 4.43678	 13
 4.45738	 29
 4.47747	 22
 4.49771	 18
 4.51745	 13
 4.53732	 15
 4.55672	 7
 4.57626	 9
 4.59533	 13
 4.61455	 11
 4.6333	 11
 4.65221	 7
 4.67066	 15
 4.68927	 9
 4.70744	 20
 4.72575	 4
 4.74364	 2
 4.76168	 4
 4.7793	 4
 4.79707	 7
 4.81444	 4
 4.83195	 9
 4.84907	 4
 4.86634	 7
 4.88321	 7
 4.90024	 2
 4.91689	 13
 4.93368	 11
 4.95011	 4
 4.96668	 2
 4.98288	 2
 4.99924	 4
 5.01524	 4
 5.03138	 0
 5.04718	 2
 5.06312	 4
 5.07872	 4
 5.09446	 2
 5.11012	 4
 5.12543	 2
 5.14089	 7
 5.15602	 7
 5.1713	 0
 5.18626	 2
 5.20136	 4
 5.21614	 0
 5.23108	 2
 5.24569	 4
 5.26046	 0
 5.27491	 2
 5.28951	 2
 5.30381	 2
 5.31825	 0
 5.3324	 0
 5.34669	 2
 5.36068	 0
 5.37482	 2
 5.38867	 4
 5.40266	 0
 5.41637	 0
 5.43022	 0
 5.44379	 0
 5.4575	 2
 5.47093	 0
 5.48451	 0
 5.49782	 2
 5.51126	 0
 5.52444	 0
 5.53775	 2
 5.5508	 2
 5.56399	 4
 5.57692	 0
 5.58999	 2
 5.603	 0
 5.61574	 2
 5.62863	 0
 5.64126	 0
 5.65404	 0
 5.66655	 0
 5.67922	 2
 5.69162	 0
 5.70417	 0
 5.71647	 0
 5.72891	 0
 5.74111	 2
 5.75344	 0
 5.76649	 0
 5.77796	 0
 5.78937	 2
 5.80264	 0
 5.81396	 0
 5.82524	 0
 5.83834	 0
 5.84953	 2
 5.86067	 2
 5.87362	 0
 5.88467	 0
 5.89568	 2
 5.90847	 0
 5.91939	 2
 5.93027	 0
 5.94292	 0
 5.95371	 0
 5.96447	 4
 5.97697	 0
 5.98764	 0
 6.00005	 0
 6.01064	 0
 6.02119	 0
 6.03346	 0
 6.04393	 0
 6.05437	 2
 6.06651	 0
 6.07687	 0
 6.08719	 0
 6.0992	 0
 6.10945	 0
 6.11966	 0
 6.13154	 0
 6.14168	 0
 6.15179	 0
 6.16355	 2
 6.17358	 0
 6.18525	 0
 6.19522	 0
 6.20516	 0
 6.21671	 0
 6.22658	 0
 6.23642	 0
 6.24785	 0
 6.25762	 0
 6.26736	 0
 6.27869	 0
 6.28836	 0
 6.29801	 0
 6.30922	 0
 6.3188	 0
 6.32835	 0
 6.33946	 0
 6.34895	 0
 6.35841	 0
 6.36942	 0
 6.37882	 0
 6.38975	 0
 6.39909	 0
 6.40841	 0
 6.41924	 0
 6.4285	 0
 6.43773	 0
 6.44846	 0
 6.45763	 0
 6.46678	 0
 6.47742	 0
 6.48651	 2
 6.49558	 0
 6.50612	 0
 6.51513	 0
 6.52412	 0
 6.53457	 0
 6.54351	 0
 6.5539	 0
 6.56278	 0
 6.57163	 0
 6.58194	 0
 6.59074	 0
 6.59952	 0
 6.60974	 0
 6.61847	 0
 6.62718	 0
 6.63731	 2
 6.64597	 0
 6.65461	 0
 6.66466	 0
 6.67324	 0
 6.68181	 0
 6.69178	 0
 6.7003	 0
 6.70879	 0
 6.71868	 0
 6.72713	 0
 6.73696	 0
 6.74537	 2
 6.75375	 0
 6.76351	 15
 6.77327	 0
