 0	 0
 1.06647	 0
 1.34359	 0
 1.53803	 0
 1.69305	 0
 1.82373	 0
 1.93797	 0
 2.04013	 0
 2.13296	 0
 2.21836	 0
 2.29764	 0
 2.37191	 0
 2.44169	 31
 2.50769	 59
 2.5704	 46
 2.63018	 88
 2.68719	 124
 2.74247	 142
 2.79479	 131
 2.84601	 132
 2.89469	 160
 2.94252	 142
 2.98813	 104
 3.03308	 126
 3.07606	 106
 3.11854	 136
 3.15924	 129
 3.19955	 101
 3.23826	 114
 3.27665	 107
 3.31359	 119
 3.35029	 96
 3.38565	 83
 3.42083	 112
 3.45476	 111
 3.48857	 131
 3.52121	 94
 3.55377	 93
 3.58575	 109
 3.61667	 102
 3.64756	 99
 3.67746	 86
 3.70734	 94
 3.73629	 64
 3.76525	 63
 3.79333	 64
 3.82144	 61
 3.84871	 74
 3.87602	 48
 3.90254	 74
 3.92911	 41
 3.95492	 21
 3.9808	 59
 4.00595	 43
 4.03118	 51
 4.05571	 25
 4.08033	 21
 4.10428	 31
 4.12832	 25
 4.15172	 21
 4.17523	 26
 4.19811	 25
 4.2211	 25
 4.24349	 15
 4.266	 17
 4.28792	 3
 4.30997	 8
 4.33145	 12
 4.35306	 15
 4.37413	 8
 4.39532	 10
 4.41598	 8
 4.43678	 13
 4.45738	 10
 4.47747	 2
 4.49771	 5
 4.51745	 3
 4.53732	 5
 4.55672	 5
 4.57626	 0
 4.59533	 8
 4.61455	 3
 4.6333	 3
 4.65221	 2
 4.67066	 3
 4.68927	 3
 4.70744	 3
 4.72575	 3
 4.74364	 0
 4.76168	 3
 4.7793	 5
 4.79707	 2
 4.81444	 0
 4.83195	 3
 4.84907	 0
 4.86634	 3
 4.88321	 2
 4.90024	 2
 4.91689	 3
 4.93368	 2
 4.95011	 0
 4.96668	 2
 4.98288	 2
 4.99924	 3
 5.01524	 0
 5.03138	 2
 5.04718	 0
 5.06312	 0
 5.07872	 2
 5.09446	 0
 5.11012	 0
 5.12543	 0
 5.14089	 0
 5.15602	 0
 5.1713	 2
 5.18626	 0
 5.20136	 0
 5.21614	 0
 5.23108	 0
 5.24569	 0
 5.26046	 2
 5.27491	 0
 5.28951	 2
 5.30381	 0
 5.31825	 0
 5.3324	 2
 5.34669	 0
 5.36068	 0
 5.37482	 0
 5.38867	 0
 5.40266	 2
 5.41637	 0
 5.43022	 0
 5.44379	 0
 5.4575	 0
 5.47093	 0
 5.48451	 0
 5.49782	 0
 5.51126	 0
 5.52444	 0
 5.53775	 0
 5.5508	 2
 5.56399	 0
 5.57692	 0
 5.58999	 0
 5.603	 0
 5.61574	 0
 5.62863	 0
 5.64126	 0
 5.65404	 0
 5.66655	 0
 5.67922	 0
 5.69162	 0
 5.70417	 0
 5.71647	 0
 5.72891	 0
 5.74111	 0
 5.75344	 0
 5.76649	 0
 5.77796	 0
 5.78937	 0
 5.80264	 0
 5.81396	 0
 5.82524	 0
 5.83834	 0
 5.84953	 2
 5.86067	 0
 5.87362	 0
 5.88467	 0
 5.89568	 0
 5.90847	 0
 5.91939	 0
 5.93027	 0
 5.94292	 0
 5.95371	 0
 5.96447	 0
 5.97697	 0
 5.98764	 0
 6.00005	 0
 6.01064	 0
 6.02119	 0
 6.03346	 0
 6.04393	 0
 6.05437	 0
 6.06651	 0
 6.07687	 0
 6.08719	 0
 6.0992	 0
 6.10945	 0
 6.11966	 0
 6.13154	 0
 6.14168	 0
 6.15179	 0
 6.16355	 2
 6.17358	 0
 6.18525	 0
 6.19522	 0
 6.20516	 0
 6.21671	 0
 6.22658	 0
 6.23642	 0
 6.24785	 2
 6.25762	 0
 6.26736	 0
 6.27869	 0
 6.28836	 0
 6.29801	 0
 6.30922	 0
 6.3188	 0
 6.32835	 0
 6.33946	 0
 6.34895	 0
 6.35841	 0
 6.36942	 0
 6.37882	 0
 6.38975	 0
 6.39909	 0
 6.40841	 0
 6.41924	 0
 6.4285	 0
 6.43773	 0
 6.44846	 0
 6.45763	 0
 6.46678	 0
 6.47742	 0
 6.48651	 0
 6.49558	 0
 6.50612	 2
 6.51513	 0
 6.52412	 0
 6.53457	 0
 6.54351	 0
 6.5539	 0
 6.56278	 0
 6.57163	 0
 6.58194	 0
 6.59074	 0
 6.59952	 0
 6.60974	 0
 6.61847	 0
 6.62718	 0
 6.63731	 0
 6.64597	 0
 6.65461	 0
 6.66466	 0
 6.67324	 0
 6.68181	 0
 6.69178	 0
 6.7003	 0
 6.70879	 0
 6.71868	 0
 6.72713	 0
 6.73696	 0
 6.74537	 0
 6.75375	 0
 6.76351	 17
 6.77327	 0
