 0	 0
 1.06647	 0
 1.34359	 0
 1.53803	 0
 1.69305	 0
 1.82373	 0
 1.93797	 0
 2.04013	 0
 2.13296	 0
 2.21836	 0
 2.29764	 0
 2.37191	 0
 2.44169	 32
 2.50769	 37
 2.5704	 57
 2.63018	 92
 2.68719	 116
 2.74247	 141
 2.79479	 166
 2.84601	 143
 2.89469	 168
 2.94252	 151
 2.98813	 141
 3.03308	 126
 3.07606	 133
 3.11854	 149
 3.15924	 122
 3.19955	 129
 3.23826	 117
 3.27665	 117
 3.31359	 127
 3.35029	 96
 3.38565	 116
 3.42083	 126
 3.45476	 79
 3.48857	 86
 3.52121	 97
 3.55377	 111
 3.58575	 99
 3.61667	 127
 3.64756	 96
 3.67746	 139
 3.70734	 124
 3.73629	 124
 3.76525	 84
 3.79333	 89
 3.82144	 106
 3.84871	 96
 3.87602	 99
 3.90254	 74
 3.92911	 84
 3.95492	 72
 3.9808	 65
 4.00595	 64
 4.03118	 50
 4.05571	 39
 4.08033	 60
 4.10428	 60
 4.12832	 47
 4.15172	 42
 4.17523	 35
 4.19811	 27
 4.2211	 30
 4.24349	 20
 4.266	 22
 4.28792	 12
 4.30997	 27
 4.33145	 17
 4.35306	 15
 4.37413	 27
 4.39532	 13
 4.41598	 12
 4.43678	 17
 4.45738	 17
 4.47747	 12
 4.49771	 12
 4.51745	 12
 4.53732	 7
 4.55672	 12
 4.57626	 5
 4.59533	 3
 4.61455	 7
 4.6333	 5
 4.65221	 7
 4.67066	 7
 4.68927	 7
 4.70744	 3
 4.72575	 5
 4.74364	 3
 4.76168	 8
 4.7793	 0
 4.79707	 2
 4.81444	 5
 4.83195	 2
 4.84907	 5
 4.86634	 3
 4.88321	 5
 4.90024	 3
 4.91689	 3
 4.93368	 0
 4.95011	 2
 4.96668	 2
 4.98288	 3
 4.99924	 0
 5.01524	 3
 5.03138	 2
 5.04718	 0
 5.06312	 0
 5.07872	 0
 5.09446	 0
 5.11012	 0
 5.12543	 3
 5.14089	 2
 5.15602	 0
 5.1713	 0
 5.18626	 2
 5.20136	 3
 5.21614	 0
 5.23108	 3
 5.24569	 0
 5.26046	 0
 5.27491	 0
 5.28951	 2
 5.30381	 0
 5.31825	 0
 5.3324	 0
 5.34669	 2
 5.36068	 2
 5.37482	 0
 5.38867	 0
 5.40266	 3
 5.41637	 0
 5.43022	 0
 5.44379	 2
 5.4575	 2
 5.47093	 0
 5.48451	 0
 5.49782	 0
 5.51126	 0
 5.52444	 0
 5.53775	 0
 5.5508	 0
 5.56399	 0
 5.57692	 0
 5.58999	 2
 5.603	 2
 5.61574	 0
 5.62863	 0
 5.64126	 2
 5.65404	 0
 5.66655	 0
 5.67922	 0
 5.69162	 0
 5.70417	 0
 5.71647	 0
 5.72891	 0
 5.74111	 0
 5.75344	 0
 5.76649	 0
 5.77796	 0
 5.78937	 0
 5.80264	 0
 5.81396	 0
 5.82524	 0
 5.83834	 0
 5.84953	 0
 5.86067	 2
 5.87362	 2
 5.88467	 0
 5.89568	 2
 5.90847	 0
 5.91939	 0
 5.93027	 0
 5.94292	 0
 5.95371	 2
 5.96447	 2
 5.97697	 0
 5.98764	 0
 6.00005	 0
 6.01064	 0
 6.02119	 0
 6.03346	 0
 6.04393	 0
 6.05437	 0
 6.06651	 0
 6.07687	 0
 6.08719	 0
 6.0992	 0
 6.10945	 0
 6.11966	 0
 6.13154	 0
 6.14168	 0
 6.15179	 0
 6.16355	 0
 6.17358	 0
 6.18525	 0
 6.19522	 0
 6.20516	 0
 6.21671	 0
 6.22658	 0
 6.23642	 0
 6.24785	 0
 6.25762	 2
 6.26736	 0
 6.27869	 0
 6.28836	 0
 6.29801	 0
 6.30922	 2
 6.3188	 0
 6.32835	 0
 6.33946	 2
 6.34895	 0
 6.35841	 0
 6.36942	 0
 6.37882	 0
 6.38975	 0
 6.39909	 0
 6.40841	 0
 6.41924	 0
 6.4285	 0
 6.43773	 0
 6.44846	 0
 6.45763	 0
 6.46678	 0
 6.47742	 0
 6.48651	 0
 6.49558	 0
 6.50612	 0
 6.51513	 2
 6.52412	 0
 6.53457	 0
 6.54351	 0
 6.5539	 0
 6.56278	 2
 6.57163	 2
 6.58194	 2
 6.59074	 0
 6.59952	 0
 6.60974	 0
 6.61847	 0
 6.62718	 0
 6.63731	 0
 6.64597	 0
 6.65461	 0
 6.66466	 0
 6.67324	 0
 6.68181	 0
 6.69178	 0
 6.7003	 0
 6.70879	 0
 6.71868	 0
 6.72713	 0
 6.73696	 0
 6.74537	 0
 6.75375	 0
 6.76351	 18
 6.77327	 0
