 0	 0
 1.06647	 0
 1.34359	 0
 1.53803	 0
 1.69305	 0
 1.82373	 0
 1.93797	 0
 2.04013	 0
 2.13296	 0
 2.21836	 0
 2.29764	 0
 2.37191	 0
 2.44169	 40
 2.50769	 32
 2.5704	 48
 2.63018	 75
 2.68719	 122
 2.74247	 107
 2.79479	 157
 2.84601	 160
 2.89469	 150
 2.94252	 180
 2.98813	 117
 3.03308	 155
 3.07606	 172
 3.11854	 154
 3.15924	 114
 3.19955	 124
 3.23826	 142
 3.27665	 132
 3.31359	 97
 3.35029	 110
 3.38565	 109
 3.42083	 100
 3.45476	 134
 3.48857	 130
 3.52121	 132
 3.55377	 132
 3.58575	 107
 3.61667	 95
 3.64756	 114
 3.67746	 94
 3.70734	 114
 3.73629	 83
 3.76525	 95
 3.79333	 90
 3.82144	 83
 3.84871	 80
 3.87602	 80
 3.90254	 72
 3.92911	 80
 3.95492	 68
 3.9808	 67
 4.00595	 67
 4.03118	 45
 4.05571	 57
 4.08033	 38
 4.10428	 48
 4.12832	 35
 4.15172	 38
 4.17523	 43
 4.19811	 38
 4.2211	 30
 4.24349	 35
 4.266	 22
 4.28792	 18
 4.30997	 17
 4.33145	 25
 4.35306	 28
 4.37413	 20
 4.39532	 7
 4.41598	 15
 4.43678	 8
 4.45738	 17
 4.47747	 15
 4.49771	 10
 4.51745	 5
 4.53732	 12
 4.55672	 13
 4.57626	 12
 4.59533	 10
 4.61455	 5
 4.6333	 5
 4.65221	 10
 4.67066	 5
 4.68927	 2
 4.70744	 3
 4.72575	 8
 4.74364	 5
 4.76168	 5
 4.7793	 5
 4.79707	 2
 4.81444	 2
 4.83195	 2
 4.84907	 2
 4.86634	 3
 4.88321	 3
 4.90024	 3
 4.91689	 7
 4.93368	 0
 4.95011	 2
 4.96668	 2
 4.98288	 0
 4.99924	 0
 5.01524	 2
 5.03138	 2
 5.04718	 3
 5.06312	 3
 5.07872	 2
 5.09446	 2
 5.11012	 0
 5.12543	 2
 5.14089	 2
 5.15602	 3
 5.1713	 0
 5.18626	 7
 5.20136	 0
 5.21614	 2
 5.23108	 0
 5.24569	 0
 5.26046	 0
 5.27491	 0
 5.28951	 0
 5.30381	 0
 5.31825	 0
 5.3324	 0
 5.34669	 0
 5.36068	 2
 5.37482	 0
 5.38867	 2
 5.40266	 0
 5.41637	 3
 5.43022	 0
 5.44379	 0
 5.4575	 0
 5.47093	 2
 5.48451	 0
 5.49782	 0
 5.51126	 2
 5.52444	 0
 5.53775	 0
 5.5508	 0
 5.56399	 0
 5.57692	 0
 5.58999	 0
 5.603	 0
 5.61574	 0
 5.62863	 2
 5.64126	 0
 5.65404	 2
 5.66655	 0
 5.67922	 0
 5.69162	 0
 5.70417	 2
 5.71647	 0
 5.72891	 0
 5.74111	 0
 5.75344	 0
 5.76649	 2
 5.77796	 2
 5.78937	 0
 5.80264	 0
 5.81396	 0
 5.82524	 0
 5.83834	 0
 5.84953	 0
 5.86067	 0
 5.87362	 0
 5.88467	 0
 5.89568	 0
 5.90847	 0
 5.91939	 0
 5.93027	 2
 5.94292	 0
 5.95371	 0
 5.96447	 0
 5.97697	 0
 5.98764	 0
 6.00005	 0
 6.01064	 0
 6.02119	 0
 6.03346	 0
 6.04393	 0
 6.05437	 2
 6.06651	 2
 6.07687	 0
 6.08719	 0
 6.0992	 0
 6.10945	 0
 6.11966	 0
 6.13154	 0
 6.14168	 0
 6.15179	 0
 6.16355	 0
 6.17358	 0
 6.18525	 0
 6.19522	 0
 6.20516	 0
 6.21671	 0
 6.22658	 0
 6.23642	 0
 6.24785	 2
 6.25762	 0
 6.26736	 0
 6.27869	 0
 6.28836	 2
 6.29801	 0
 6.30922	 0
 6.3188	 0
 6.32835	 0
 6.33946	 0
 6.34895	 0
 6.35841	 0
 6.36942	 0
 6.37882	 0
 6.38975	 0
 6.39909	 0
 6.40841	 0
 6.41924	 0
 6.4285	 0
 6.43773	 0
 6.44846	 0
 6.45763	 0
 6.46678	 0
 6.47742	 0
 6.48651	 0
 6.49558	 0
 6.50612	 0
 6.51513	 2
 6.52412	 0
 6.53457	 0
 6.54351	 0
 6.5539	 2
 6.56278	 0
 6.57163	 0
 6.58194	 0
 6.59074	 0
 6.59952	 2
 6.60974	 0
 6.61847	 0
 6.62718	 0
 6.63731	 0
 6.64597	 0
 6.65461	 0
 6.66466	 0
 6.67324	 0
 6.68181	 0
 6.69178	 0
 6.7003	 0
 6.70879	 0
 6.71868	 0
 6.72713	 0
 6.73696	 0
 6.74537	 0
 6.75375	 0
 6.76351	 20
 6.77327	 0
