 0	 0
 1.06647	 0
 1.34359	 0
 1.53803	 0
 1.69305	 0
 1.82373	 0
 1.93797	 0
 2.04013	 0
 2.13296	 0
 2.21836	 0
 2.29764	 0
 2.37191	 0
 2.44169	 412
 2.50769	 363
 2.5704	 522
 2.63018	 533
 2.68719	 791
 2.74247	 745
 2.79479	 862
 2.84601	 995
 2.89469	 942
 2.94252	 1033
 2.98813	 1002
 3.03308	 1063
 3.07606	 1002
 3.11854	 1033
 3.15924	 1108
 3.19955	 961
 3.23826	 1036
 3.27665	 1071
 3.31359	 1002
 3.35029	 904
 3.38565	 1048
 3.42083	 931
 3.45476	 995
 3.48857	 915
 3.52121	 840
 3.55377	 851
 3.58575	 749
 3.61667	 692
 3.64756	 704
 3.67746	 707
 3.70734	 636
 3.73629	 632
 3.76525	 662
 3.79333	 605
 3.82144	 511
 3.84871	 492
 3.87602	 503
 3.90254	 458
 3.92911	 454
 3.95492	 435
 3.9808	 420
 4.00595	 416
 4.03118	 382
 4.05571	 359
 4.08033	 333
 4.10428	 269
 4.12832	 306
 4.15172	 276
 4.17523	 246
 4.19811	 208
 4.2211	 231
 4.24349	 148
 4.266	 212
 4.28792	 238
 4.30997	 163
 4.33145	 163
 4.35306	 163
 4.37413	 163
 4.39532	 129
 4.41598	 159
 4.43678	 129
 4.45738	 136
 4.47747	 91
 4.49771	 98
 4.51745	 110
 4.53732	 102
 4.55672	 102
 4.57626	 121
 4.59533	 68
 4.61455	 83
 4.6333	 87
 4.65221	 87
 4.67066	 42
 4.68927	 57
 4.70744	 72
 4.72575	 72
 4.74364	 57
 4.76168	 87
 4.7793	 53
 4.79707	 42
 4.81444	 45
 4.83195	 42
 4.84907	 45
 4.86634	 45
 4.88321	 49
 4.90024	 30
 4.91689	 15
 4.93368	 34
 4.95011	 26
 4.96668	 26
 4.98288	 38
 4.99924	 34
 5.01524	 23
 5.03138	 42
 5.04718	 49
 5.06312	 23
 5.07872	 38
 5.09446	 30
 5.11012	 34
 5.12543	 19
 5.14089	 11
 5.15602	 19
 5.1713	 11
 5.18626	 26
 5.20136	 23
 5.21614	 34
 5.23108	 26
 5.24569	 26
 5.26046	 26
 5.27491	 11
 5.28951	 4
 5.30381	 15
 5.31825	 11
 5.3324	 11
 5.34669	 11
 5.36068	 11
 5.37482	 19
 5.38867	 11
 5.40266	 15
 5.41637	 15
 5.43022	 0
 5.44379	 8
 5.4575	 0
 5.47093	 15
 5.48451	 4
 5.49782	 11
 5.51126	 11
 5.52444	 4
 5.53775	 4
 5.5508	 15
 5.56399	 0
 5.57692	 11
 5.58999	 4
 5.603	 8
 5.61574	 11
 5.62863	 4
 5.64126	 11
 5.65404	 8
 5.66655	 0
 5.67922	 11
 5.69162	 0
 5.70417	 4
 5.71647	 0
 5.72891	 4
 5.74111	 0
 5.75344	 4
 5.76649	 11
 5.77796	 0
 5.78937	 11
 5.80264	 0
 5.81396	 0
 5.82524	 11
 5.83834	 4
 5.84953	 8
 5.86067	 0
 5.87362	 4
 5.88467	 4
 5.89568	 8
 5.90847	 0
 5.91939	 4
 5.93027	 4
 5.94292	 0
 5.95371	 0
 5.96447	 0
 5.97697	 0
 5.98764	 0
 6.00005	 0
 6.01064	 4
 6.02119	 4
 6.03346	 4
 6.04393	 0
 6.05437	 0
 6.06651	 0
 6.07687	 4
 6.08719	 0
 6.0992	 8
 6.10945	 4
 6.11966	 0
 6.13154	 0
 6.14168	 4
 6.15179	 4
 6.16355	 0
 6.17358	 4
 6.18525	 0
 6.19522	 0
 6.20516	 0
 6.21671	 0
 6.22658	 0
 6.23642	 0
 6.24785	 4
 6.25762	 0
 6.26736	 0
 6.27869	 0
 6.28836	 4
 6.29801	 0
 6.30922	 0
 6.3188	 0
 6.32835	 4
 6.33946	 0
 6.34895	 0
 6.35841	 4
 6.36942	 0
 6.37882	 0
 6.38975	 0
 6.39909	 4
 6.40841	 4
 6.41924	 0
 6.4285	 0
 6.43773	 0
 6.44846	 0
 6.45763	 0
 6.46678	 0
 6.47742	 0
 6.48651	 0
 6.49558	 0
 6.50612	 0
 6.51513	 0
 6.52412	 0
 6.53457	 4
 6.54351	 0
 6.5539	 0
 6.56278	 0
 6.57163	 0
 6.58194	 0
 6.59074	 0
 6.59952	 0
 6.60974	 0
 6.61847	 0
 6.62718	 0
 6.63731	 0
 6.64597	 4
 6.65461	 0
 6.66466	 0
 6.67324	 0
 6.68181	 0
 6.69178	 0
 6.7003	 0
 6.70879	 0
 6.71868	 0
 6.72713	 0
 6.73696	 0
 6.74537	 0
 6.75375	 0
 6.76351	 4
 6.77327	 0
