 0	 0
 1.06647	 0
 1.34359	 0
 1.53803	 0
 1.69305	 0
 1.82373	 0
 1.93797	 0
 2.04013	 0
 2.13296	 0
 2.21836	 0
 2.29764	 0
 2.37191	 0
 2.44169	 389
 2.50769	 423
 2.5704	 442
 2.63018	 582
 2.68719	 759
 2.74247	 876
 2.79479	 952
 2.84601	 944
 2.89469	 1020
 2.94252	 1133
 2.98813	 986
 3.03308	 1020
 3.07606	 955
 3.11854	 1061
 3.15924	 940
 3.19955	 1110
 3.23826	 1167
 3.27665	 1012
 3.31359	 895
 3.35029	 1046
 3.38565	 1080
 3.42083	 1008
 3.45476	 838
 3.48857	 876
 3.52121	 838
 3.55377	 872
 3.58575	 857
 3.61667	 751
 3.64756	 767
 3.67746	 744
 3.70734	 710
 3.73629	 631
 3.76525	 574
 3.79333	 525
 3.82144	 589
 3.84871	 521
 3.87602	 540
 3.90254	 544
 3.92911	 510
 3.95492	 480
 3.9808	 400
 4.00595	 366
 4.03118	 374
 4.05571	 306
 4.08033	 378
 4.10428	 264
 4.12832	 268
 4.15172	 287
 4.17523	 283
 4.19811	 234
 4.2211	 208
 4.24349	 204
 4.266	 155
 4.28792	 159
 4.30997	 155
 4.33145	 177
 4.35306	 155
 4.37413	 174
 4.39532	 166
 4.41598	 113
 4.43678	 155
 4.45738	 155
 4.47747	 98
 4.49771	 94
 4.51745	 106
 4.53732	 128
 4.55672	 79
 4.57626	 57
 4.59533	 155
 4.61455	 76
 4.6333	 76
 4.65221	 60
 4.67066	 76
 4.68927	 64
 4.70744	 45
 4.72575	 76
 4.74364	 53
 4.76168	 68
 4.7793	 68
 4.79707	 30
 4.81444	 53
 4.83195	 45
 4.84907	 53
 4.86634	 72
 4.88321	 45
 4.90024	 34
 4.91689	 42
 4.93368	 23
 4.95011	 34
 4.96668	 45
 4.98288	 26
 4.99924	 30
 5.01524	 23
 5.03138	 42
 5.04718	 15
 5.06312	 23
 5.07872	 23
 5.09446	 26
 5.11012	 19
 5.12543	 42
 5.14089	 15
 5.15602	 23
 5.1713	 11
 5.18626	 15
 5.20136	 19
 5.21614	 19
 5.23108	 15
 5.24569	 11
 5.26046	 11
 5.27491	 8
 5.28951	 0
 5.30381	 8
 5.31825	 11
 5.3324	 8
 5.34669	 19
 5.36068	 23
 5.37482	 4
 5.38867	 11
 5.40266	 11
 5.41637	 8
 5.43022	 15
 5.44379	 4
 5.4575	 11
 5.47093	 11
 5.48451	 15
 5.49782	 11
 5.51126	 19
 5.52444	 11
 5.53775	 4
 5.5508	 4
 5.56399	 15
 5.57692	 8
 5.58999	 4
 5.603	 0
 5.61574	 0
 5.62863	 0
 5.64126	 4
 5.65404	 11
 5.66655	 0
 5.67922	 0
 5.69162	 4
 5.70417	 4
 5.71647	 4
 5.72891	 0
 5.74111	 8
 5.75344	 4
 5.76649	 0
 5.77796	 4
 5.78937	 4
 5.80264	 0
 5.81396	 0
 5.82524	 8
 5.83834	 0
 5.84953	 0
 5.86067	 4
 5.87362	 4
 5.88467	 8
 5.89568	 8
 5.90847	 4
 5.91939	 4
 5.93027	 4
 5.94292	 4
 5.95371	 0
 5.96447	 4
 5.97697	 4
 5.98764	 0
 6.00005	 0
 6.01064	 8
 6.02119	 0
 6.03346	 0
 6.04393	 0
 6.05437	 4
 6.06651	 0
 6.07687	 4
 6.08719	 0
 6.0992	 0
 6.10945	 0
 6.11966	 0
 6.13154	 4
 6.14168	 4
 6.15179	 4
 6.16355	 0
 6.17358	 0
 6.18525	 0
 6.19522	 4
 6.20516	 4
 6.21671	 8
 6.22658	 0
 6.23642	 0
 6.24785	 0
 6.25762	 0
 6.26736	 0
 6.27869	 0
 6.28836	 4
 6.29801	 0
 6.30922	 0
 6.3188	 0
 6.32835	 0
 6.33946	 0
 6.34895	 0
 6.35841	 4
 6.36942	 0
 6.37882	 0
 6.38975	 0
 6.39909	 8
 6.40841	 0
 6.41924	 0
 6.4285	 0
 6.43773	 0
 6.44846	 0
 6.45763	 0
 6.46678	 0
 6.47742	 0
 6.48651	 0
 6.49558	 4
 6.50612	 0
 6.51513	 0
 6.52412	 0
 6.53457	 0
 6.54351	 0
 6.5539	 0
 6.56278	 0
 6.57163	 0
 6.58194	 0
 6.59074	 0
 6.59952	 0
 6.60974	 4
 6.61847	 0
 6.62718	 0
 6.63731	 0
 6.64597	 4
 6.65461	 0
 6.66466	 0
 6.67324	 0
 6.68181	 0
 6.69178	 0
 6.7003	 0
 6.70879	 0
 6.71868	 0
 6.72713	 0
 6.73696	 0
 6.74537	 0
 6.75375	 0
 6.76351	 19
 6.77327	 0
