 0	 0
 1.06647	 0
 1.34359	 0
 1.53803	 0
 1.69305	 0
 1.82373	 0
 1.93797	 0
 2.04013	 0
 2.13296	 0
 2.21836	 0
 2.29764	 0
 2.37191	 0
 2.44169	 428
 2.50769	 462
 2.5704	 573
 2.63018	 627
 2.68719	 726
 2.74247	 879
 2.79479	 860
 2.84601	 887
 2.89469	 990
 2.94252	 1047
 2.98813	 1020
 3.03308	 1081
 3.07606	 1051
 3.11854	 1009
 3.15924	 1055
 3.19955	 1101
 3.23826	 921
 3.27665	 1123
 3.31359	 1101
 3.35029	 955
 3.38565	 1085
 3.42083	 1020
 3.45476	 929
 3.48857	 894
 3.52121	 783
 3.55377	 772
 3.58575	 715
 3.61667	 699
 3.64756	 741
 3.67746	 634
 3.70734	 692
 3.73629	 604
 3.76525	 673
 3.79333	 550
 3.82144	 573
 3.84871	 539
 3.87602	 642
 3.90254	 470
 3.92911	 428
 3.95492	 443
 3.9808	 405
 4.00595	 382
 4.03118	 344
 4.05571	 386
 4.08033	 386
 4.10428	 313
 4.12832	 287
 4.15172	 359
 4.17523	 248
 4.19811	 229
 4.2211	 237
 4.24349	 218
 4.266	 248
 4.28792	 164
 4.30997	 183
 4.33145	 130
 4.35306	 160
 4.37413	 183
 4.39532	 118
 4.41598	 111
 4.43678	 126
 4.45738	 115
 4.47747	 99
 4.49771	 92
 4.51745	 92
 4.53732	 111
 4.55672	 99
 4.57626	 46
 4.59533	 69
 4.61455	 69
 4.6333	 92
 4.65221	 80
 4.67066	 57
 4.68927	 88
 4.70744	 53
 4.72575	 61
 4.74364	 92
 4.76168	 57
 4.7793	 73
 4.79707	 53
 4.81444	 42
 4.83195	 42
 4.84907	 34
 4.86634	 46
 4.88321	 38
 4.90024	 19
 4.91689	 53
 4.93368	 31
 4.95011	 31
 4.96668	 53
 4.98288	 34
 4.99924	 38
 5.01524	 38
 5.03138	 31
 5.04718	 27
 5.06312	 23
 5.07872	 31
 5.09446	 42
 5.11012	 15
 5.12543	 38
 5.14089	 42
 5.15602	 27
 5.1713	 11
 5.18626	 19
 5.20136	 23
 5.21614	 19
 5.23108	 19
 5.24569	 19
 5.26046	 8
 5.27491	 11
 5.28951	 27
 5.30381	 11
 5.31825	 8
 5.3324	 15
 5.34669	 11
 5.36068	 8
 5.37482	 19
 5.38867	 15
 5.40266	 8
 5.41637	 8
 5.43022	 19
 5.44379	 8
 5.4575	 11
 5.47093	 15
 5.48451	 8
 5.49782	 4
 5.51126	 8
 5.52444	 11
 5.53775	 0
 5.5508	 8
 5.56399	 8
 5.57692	 8
 5.58999	 0
 5.603	 0
 5.61574	 15
 5.62863	 8
 5.64126	 8
 5.65404	 4
 5.66655	 4
 5.67922	 11
 5.69162	 8
 5.70417	 4
 5.71647	 8
 5.72891	 4
 5.74111	 4
 5.75344	 11
 5.76649	 4
 5.77796	 0
 5.78937	 11
 5.80264	 4
 5.81396	 0
 5.82524	 0
 5.83834	 8
 5.84953	 0
 5.86067	 4
 5.87362	 0
 5.88467	 4
 5.89568	 0
 5.90847	 8
 5.91939	 0
 5.93027	 0
 5.94292	 4
 5.95371	 0
 5.96447	 4
 5.97697	 0
 5.98764	 0
 6.00005	 4
 6.01064	 0
 6.02119	 4
 6.03346	 0
 6.04393	 0
 6.05437	 4
 6.06651	 0
 6.07687	 0
 6.08719	 0
 6.0992	 4
 6.10945	 0
 6.11966	 4
 6.13154	 0
 6.14168	 8
 6.15179	 0
 6.16355	 0
 6.17358	 0
 6.18525	 0
 6.19522	 0
 6.20516	 0
 6.21671	 0
 6.22658	 8
 6.23642	 0
 6.24785	 0
 6.25762	 0
 6.26736	 4
 6.27869	 0
 6.28836	 4
 6.29801	 0
 6.30922	 0
 6.3188	 0
 6.32835	 4
 6.33946	 0
 6.34895	 4
 6.35841	 0
 6.36942	 0
 6.37882	 0
 6.38975	 0
 6.39909	 0
 6.40841	 0
 6.41924	 0
 6.4285	 0
 6.43773	 4
 6.44846	 0
 6.45763	 4
 6.46678	 0
 6.47742	 0
 6.48651	 0
 6.49558	 0
 6.50612	 4
 6.51513	 0
 6.52412	 0
 6.53457	 0
 6.54351	 0
 6.5539	 0
 6.56278	 0
 6.57163	 0
 6.58194	 0
 6.59074	 0
 6.59952	 0
 6.60974	 0
 6.61847	 0
 6.62718	 0
 6.63731	 0
 6.64597	 0
 6.65461	 0
 6.66466	 0
 6.67324	 0
 6.68181	 0
 6.69178	 0
 6.7003	 0
 6.70879	 0
 6.71868	 0
 6.72713	 0
 6.73696	 0
 6.74537	 0
 6.75375	 0
 6.76351	 4
 6.77327	 0
