 0	 0
 1.06647	 0
 1.34359	 0
 1.53803	 0
 1.69305	 0
 1.82373	 0
 1.93797	 0
 2.04013	 0
 2.13296	 0
 2.21836	 0
 2.29764	 0
 2.37191	 0
 2.44169	 383
 2.50769	 399
 2.5704	 475
 2.63018	 611
 2.68719	 744
 2.74247	 915
 2.79479	 881
 2.84601	 942
 2.89469	 923
 2.94252	 1010
 2.98813	 1059
 3.03308	 938
 3.07606	 915
 3.11854	 1082
 3.15924	 1105
 3.19955	 1109
 3.23826	 1059
 3.27665	 1018
 3.31359	 980
 3.35029	 972
 3.38565	 934
 3.42083	 1074
 3.45476	 888
 3.48857	 896
 3.52121	 866
 3.55377	 843
 3.58575	 645
 3.61667	 820
 3.64756	 759
 3.67746	 630
 3.70734	 638
 3.73629	 558
 3.76525	 695
 3.79333	 554
 3.82144	 581
 3.84871	 562
 3.87602	 558
 3.90254	 528
 3.92911	 368
 3.95492	 452
 3.9808	 433
 4.00595	 353
 4.03118	 346
 4.05571	 315
 4.08033	 308
 4.10428	 311
 4.12832	 304
 4.15172	 194
 4.17523	 304
 4.19811	 319
 4.2211	 197
 4.24349	 175
 4.266	 216
 4.28792	 201
 4.30997	 171
 4.33145	 216
 4.35306	 156
 4.37413	 148
 4.39532	 133
 4.41598	 110
 4.43678	 99
 4.45738	 121
 4.47747	 140
 4.49771	 129
 4.51745	 106
 4.53732	 72
 4.55672	 121
 4.57626	 99
 4.59533	 87
 4.61455	 84
 4.6333	 65
 4.65221	 80
 4.67066	 95
 4.68927	 61
 4.70744	 68
 4.72575	 80
 4.74364	 46
 4.76168	 49
 4.7793	 72
 4.79707	 34
 4.81444	 42
 4.83195	 53
 4.84907	 49
 4.86634	 34
 4.88321	 53
 4.90024	 53
 4.91689	 46
 4.93368	 34
 4.95011	 34
 4.96668	 30
 4.98288	 30
 4.99924	 23
 5.01524	 23
 5.03138	 27
 5.04718	 15
 5.06312	 11
 5.07872	 15
 5.09446	 8
 5.11012	 30
 5.12543	 23
 5.14089	 4
 5.15602	 23
 5.1713	 19
 5.18626	 11
 5.20136	 11
 5.21614	 38
 5.23108	 11
 5.24569	 15
 5.26046	 11
 5.27491	 11
 5.28951	 27
 5.30381	 15
 5.31825	 19
 5.3324	 0
 5.34669	 15
 5.36068	 15
 5.37482	 11
 5.38867	 8
 5.40266	 11
 5.41637	 0
 5.43022	 8
 5.44379	 0
 5.4575	 15
 5.47093	 19
 5.48451	 4
 5.49782	 8
 5.51126	 8
 5.52444	 0
 5.53775	 11
 5.5508	 8
 5.56399	 4
 5.57692	 8
 5.58999	 0
 5.603	 0
 5.61574	 0
 5.62863	 0
 5.64126	 4
 5.65404	 8
 5.66655	 4
 5.67922	 0
 5.69162	 11
 5.70417	 4
 5.71647	 8
 5.72891	 0
 5.74111	 4
 5.75344	 11
 5.76649	 0
 5.77796	 19
 5.78937	 4
 5.80264	 8
 5.81396	 4
 5.82524	 11
 5.83834	 0
 5.84953	 0
 5.86067	 0
 5.87362	 8
 5.88467	 0
 5.89568	 11
 5.90847	 4
 5.91939	 0
 5.93027	 0
 5.94292	 0
 5.95371	 0
 5.96447	 0
 5.97697	 8
 5.98764	 4
 6.00005	 4
 6.01064	 4
 6.02119	 4
 6.03346	 8
 6.04393	 0
 6.05437	 0
 6.06651	 0
 6.07687	 0
 6.08719	 0
 6.0992	 0
 6.10945	 0
 6.11966	 4
 6.13154	 0
 6.14168	 8
 6.15179	 0
 6.16355	 0
 6.17358	 0
 6.18525	 4
 6.19522	 0
 6.20516	 0
 6.21671	 0
 6.22658	 0
 6.23642	 0
 6.24785	 8
 6.25762	 0
 6.26736	 0
 6.27869	 0
 6.28836	 0
 6.29801	 0
 6.30922	 0
 6.3188	 0
 6.32835	 0
 6.33946	 0
 6.34895	 0
 6.35841	 0
 6.36942	 0
 6.37882	 4
 6.38975	 0
 6.39909	 0
 6.40841	 4
 6.41924	 0
 6.4285	 0
 6.43773	 0
 6.44846	 0
 6.45763	 0
 6.46678	 0
 6.47742	 0
 6.48651	 4
 6.49558	 0
 6.50612	 0
 6.51513	 0
 6.52412	 0
 6.53457	 0
 6.54351	 0
 6.5539	 0
 6.56278	 0
 6.57163	 0
 6.58194	 4
 6.59074	 0
 6.59952	 0
 6.60974	 0
 6.61847	 0
 6.62718	 0
 6.63731	 0
 6.64597	 0
 6.65461	 0
 6.66466	 0
 6.67324	 0
 6.68181	 0
 6.69178	 0
 6.7003	 0
 6.70879	 0
 6.71868	 0
 6.72713	 0
 6.73696	 0
 6.74537	 0
 6.75375	 0
 6.76351	 11
 6.77327	 0
