 0	 0
 1.06647	 0
 1.34359	 0
 1.53803	 0
 1.69305	 0
 1.82373	 0
 1.93797	 0
 2.04013	 0
 2.13296	 0
 2.21836	 0
 2.29764	 0
 2.37191	 0
 2.44169	 263
 2.50769	 335
 2.5704	 442
 2.63018	 546
 2.68719	 689
 2.74247	 860
 2.79479	 856
 2.84601	 968
 2.89469	 984
 2.94252	 1075
 2.98813	 1175
 3.03308	 1155
 3.07606	 1111
 3.11854	 1115
 3.15924	 1123
 3.19955	 1187
 3.23826	 1127
 3.27665	 1123
 3.31359	 1099
 3.35029	 1119
 3.38565	 1119
 3.42083	 1179
 3.45476	 972
 3.48857	 912
 3.52121	 1067
 3.55377	 884
 3.58575	 880
 3.61667	 761
 3.64756	 792
 3.67746	 661
 3.70734	 773
 3.73629	 665
 3.76525	 673
 3.79333	 705
 3.82144	 629
 3.84871	 653
 3.87602	 561
 3.90254	 474
 3.92911	 542
 3.95492	 434
 3.9808	 386
 4.00595	 462
 4.03118	 506
 4.05571	 434
 4.08033	 342
 4.10428	 299
 4.12832	 366
 4.15172	 283
 4.17523	 303
 4.19811	 327
 4.2211	 247
 4.24349	 187
 4.266	 167
 4.28792	 219
 4.30997	 183
 4.33145	 215
 4.35306	 187
 4.37413	 159
 4.39532	 119
 4.41598	 112
 4.43678	 155
 4.45738	 96
 4.47747	 112
 4.49771	 112
 4.51745	 123
 4.53732	 119
 4.55672	 115
 4.57626	 112
 4.59533	 88
 4.61455	 60
 4.6333	 56
 4.65221	 84
 4.67066	 100
 4.68927	 36
 4.70744	 80
 4.72575	 92
 4.74364	 60
 4.76168	 76
 4.7793	 76
 4.79707	 72
 4.81444	 76
 4.83195	 60
 4.84907	 48
 4.86634	 36
 4.88321	 40
 4.90024	 56
 4.91689	 56
 4.93368	 52
 4.95011	 28
 4.96668	 24
 4.98288	 48
 4.99924	 36
 5.01524	 24
 5.03138	 20
 5.04718	 12
 5.06312	 20
 5.07872	 4
 5.09446	 20
 5.11012	 20
 5.12543	 24
 5.14089	 36
 5.15602	 20
 5.1713	 8
 5.18626	 24
 5.20136	 4
 5.21614	 12
 5.23108	 28
 5.24569	 16
 5.26046	 8
 5.27491	 24
 5.28951	 8
 5.30381	 28
 5.31825	 12
 5.3324	 4
 5.34669	 12
 5.36068	 16
 5.37482	 8
 5.38867	 8
 5.40266	 8
 5.41637	 8
 5.43022	 0
 5.44379	 8
 5.4575	 8
 5.47093	 4
 5.48451	 4
 5.49782	 4
 5.51126	 20
 5.52444	 4
 5.53775	 0
 5.5508	 4
 5.56399	 16
 5.57692	 8
 5.58999	 8
 5.603	 4
 5.61574	 0
 5.62863	 4
 5.64126	 0
 5.65404	 0
 5.66655	 4
 5.67922	 0
 5.69162	 4
 5.70417	 0
 5.71647	 8
 5.72891	 0
 5.74111	 4
 5.75344	 0
 5.76649	 0
 5.77796	 0
 5.78937	 0
 5.80264	 0
 5.81396	 0
 5.82524	 0
 5.83834	 0
 5.84953	 12
 5.86067	 4
 5.87362	 0
 5.88467	 0
 5.89568	 0
 5.90847	 0
 5.91939	 4
 5.93027	 0
 5.94292	 0
 5.95371	 0
 5.96447	 4
 5.97697	 0
 5.98764	 4
 6.00005	 0
 6.01064	 0
 6.02119	 0
 6.03346	 0
 6.04393	 0
 6.05437	 0
 6.06651	 0
 6.07687	 0
 6.08719	 8
 6.0992	 0
 6.10945	 0
 6.11966	 0
 6.13154	 0
 6.14168	 0
 6.15179	 4
 6.16355	 0
 6.17358	 0
 6.18525	 0
 6.19522	 4
 6.20516	 0
 6.21671	 0
 6.22658	 4
 6.23642	 0
 6.24785	 0
 6.25762	 0
 6.26736	 0
 6.27869	 0
 6.28836	 0
 6.29801	 0
 6.30922	 4
 6.3188	 0
 6.32835	 4
 6.33946	 0
 6.34895	 4
 6.35841	 0
 6.36942	 0
 6.37882	 0
 6.38975	 0
 6.39909	 0
 6.40841	 0
 6.41924	 0
 6.4285	 0
 6.43773	 4
 6.44846	 0
 6.45763	 0
 6.46678	 0
 6.47742	 0
 6.48651	 0
 6.49558	 0
 6.50612	 0
 6.51513	 0
 6.52412	 0
 6.53457	 0
 6.54351	 0
 6.5539	 0
 6.56278	 0
 6.57163	 4
 6.58194	 0
 6.59074	 0
 6.59952	 0
 6.60974	 0
 6.61847	 4
 6.62718	 0
 6.63731	 4
 6.64597	 0
 6.65461	 0
 6.66466	 0
 6.67324	 0
 6.68181	 0
 6.69178	 0
 6.7003	 0
 6.70879	 0
 6.71868	 0
 6.72713	 0
 6.73696	 0
 6.74537	 0
 6.75375	 0
 6.76351	 8
 6.77327	 0
