 0	 0
 1.06647	 0
 1.34359	 0
 1.53803	 0
 1.69305	 0
 1.82373	 0
 1.93797	 0
 2.04013	 0
 2.13296	 0
 2.21836	 0
 2.29764	 0
 2.37191	 0
 2.44169	 302
 2.50769	 274
 2.5704	 378
 2.63018	 605
 2.68719	 668
 2.74247	 819
 2.79479	 859
 2.84601	 1078
 2.89469	 1018
 2.94252	 1106
 2.98813	 1114
 3.03308	 1094
 3.07606	 1134
 3.11854	 1066
 3.15924	 1301
 3.19955	 1058
 3.23826	 1002
 3.27665	 1169
 3.31359	 1118
 3.35029	 1078
 3.38565	 1042
 3.42083	 1022
 3.45476	 1054
 3.48857	 927
 3.52121	 1018
 3.55377	 891
 3.58575	 955
 3.61667	 931
 3.64756	 803
 3.67746	 688
 3.70734	 696
 3.73629	 823
 3.76525	 700
 3.79333	 700
 3.82144	 680
 3.84871	 601
 3.87602	 581
 3.90254	 445
 3.92911	 477
 3.95492	 485
 3.9808	 461
 4.00595	 370
 4.03118	 386
 4.05571	 430
 4.08033	 410
 4.10428	 338
 4.12832	 266
 4.15172	 318
 4.17523	 282
 4.19811	 262
 4.2211	 231
 4.24349	 219
 4.266	 199
 4.28792	 191
 4.30997	 262
 4.33145	 215
 4.35306	 191
 4.37413	 167
 4.39532	 127
 4.41598	 195
 4.43678	 175
 4.45738	 123
 4.47747	 84
 4.49771	 151
 4.51745	 139
 4.53732	 115
 4.55672	 76
 4.57626	 91
 4.59533	 95
 4.61455	 103
 4.6333	 60
 4.65221	 95
 4.67066	 84
 4.68927	 95
 4.70744	 80
 4.72575	 91
 4.74364	 32
 4.76168	 48
 4.7793	 56
 4.79707	 68
 4.81444	 32
 4.83195	 24
 4.84907	 28
 4.86634	 56
 4.88321	 40
 4.90024	 32
 4.91689	 36
 4.93368	 40
 4.95011	 40
 4.96668	 28
 4.98288	 12
 4.99924	 16
 5.01524	 28
 5.03138	 28
 5.04718	 24
 5.06312	 20
 5.07872	 8
 5.09446	 28
 5.11012	 24
 5.12543	 20
 5.14089	 20
 5.15602	 20
 5.1713	 12
 5.18626	 16
 5.20136	 4
 5.21614	 16
 5.23108	 8
 5.24569	 12
 5.26046	 20
 5.27491	 12
 5.28951	 8
 5.30381	 4
 5.31825	 20
 5.3324	 8
 5.34669	 8
 5.36068	 20
 5.37482	 8
 5.38867	 20
 5.40266	 8
 5.41637	 8
 5.43022	 16
 5.44379	 12
 5.4575	 20
 5.47093	 24
 5.48451	 4
 5.49782	 4
 5.51126	 8
 5.52444	 4
 5.53775	 0
 5.5508	 12
 5.56399	 0
 5.57692	 8
 5.58999	 16
 5.603	 0
 5.61574	 8
 5.62863	 0
 5.64126	 4
 5.65404	 0
 5.66655	 0
 5.67922	 8
 5.69162	 0
 5.70417	 8
 5.71647	 4
 5.72891	 4
 5.74111	 0
 5.75344	 8
 5.76649	 4
 5.77796	 0
 5.78937	 0
 5.80264	 4
 5.81396	 0
 5.82524	 4
 5.83834	 0
 5.84953	 8
 5.86067	 0
 5.87362	 0
 5.88467	 8
 5.89568	 0
 5.90847	 0
 5.91939	 0
 5.93027	 8
 5.94292	 4
 5.95371	 0
 5.96447	 0
 5.97697	 0
 5.98764	 0
 6.00005	 4
 6.01064	 0
 6.02119	 0
 6.03346	 4
 6.04393	 0
 6.05437	 0
 6.06651	 4
 6.07687	 0
 6.08719	 0
 6.0992	 0
 6.10945	 0
 6.11966	 0
 6.13154	 0
 6.14168	 0
 6.15179	 4
 6.16355	 0
 6.17358	 0
 6.18525	 0
 6.19522	 4
 6.20516	 4
 6.21671	 4
 6.22658	 4
 6.23642	 0
 6.24785	 0
 6.25762	 0
 6.26736	 0
 6.27869	 0
 6.28836	 4
 6.29801	 0
 6.30922	 0
 6.3188	 0
 6.32835	 4
 6.33946	 0
 6.34895	 0
 6.35841	 0
 6.36942	 0
 6.37882	 0
 6.38975	 0
 6.39909	 0
 6.40841	 0
 6.41924	 0
 6.4285	 4
 6.43773	 4
 6.44846	 0
 6.45763	 0
 6.46678	 0
 6.47742	 0
 6.48651	 0
 6.49558	 0
 6.50612	 0
 6.51513	 4
 6.52412	 0
 6.53457	 0
 6.54351	 0
 6.5539	 4
 6.56278	 4
 6.57163	 0
 6.58194	 0
 6.59074	 0
 6.59952	 4
 6.60974	 0
 6.61847	 0
 6.62718	 0
 6.63731	 0
 6.64597	 0
 6.65461	 0
 6.66466	 0
 6.67324	 0
 6.68181	 0
 6.69178	 0
 6.7003	 0
 6.70879	 0
 6.71868	 0
 6.72713	 4
 6.73696	 4
 6.74537	 0
 6.75375	 0
 6.76351	 16
 6.77327	 0
