 0	 0
 1.06647	 0
 1.34359	 0
 1.53803	 0
 1.69305	 0
 1.82373	 0
 1.93797	 0
 2.04013	 0
 2.13296	 0
 2.21836	 0
 2.29764	 0
 2.37191	 0
 2.44169	 289
 2.50769	 317
 2.5704	 460
 2.63018	 606
 2.68719	 741
 2.74247	 789
 2.79479	 860
 2.84601	 1030
 2.89469	 1181
 2.94252	 991
 2.98813	 1094
 3.03308	 1153
 3.07606	 1102
 3.11854	 1141
 3.15924	 1074
 3.19955	 1126
 3.23826	 1102
 3.27665	 1090
 3.31359	 1015
 3.35029	 1102
 3.38565	 1011
 3.42083	 915
 3.45476	 836
 3.48857	 1034
 3.52121	 931
 3.55377	 1022
 3.58575	 900
 3.61667	 828
 3.64756	 781
 3.67746	 725
 3.70734	 816
 3.73629	 816
 3.76525	 583
 3.79333	 618
 3.82144	 583
 3.84871	 587
 3.87602	 587
 3.90254	 579
 3.92911	 523
 3.95492	 472
 3.9808	 484
 4.00595	 452
 4.03118	 380
 4.05571	 357
 4.08033	 357
 4.10428	 376
 4.12832	 329
 4.15172	 269
 4.17523	 325
 4.19811	 313
 4.2211	 230
 4.24349	 242
 4.266	 206
 4.28792	 218
 4.30997	 190
 4.33145	 194
 4.35306	 242
 4.37413	 139
 4.39532	 143
 4.41598	 155
 4.43678	 143
 4.45738	 103
 4.47747	 103
 4.49771	 111
 4.51745	 135
 4.53732	 99
 4.55672	 79
 4.57626	 119
 4.59533	 115
 4.61455	 107
 4.6333	 99
 4.65221	 83
 4.67066	 59
 4.68927	 63
 4.70744	 67
 4.72575	 107
 4.74364	 32
 4.76168	 40
 4.7793	 67
 4.79707	 32
 4.81444	 36
 4.83195	 40
 4.84907	 48
 4.86634	 20
 4.88321	 44
 4.90024	 48
 4.91689	 12
 4.93368	 36
 4.95011	 28
 4.96668	 24
 4.98288	 24
 4.99924	 20
 5.01524	 24
 5.03138	 28
 5.04718	 20
 5.06312	 20
 5.07872	 4
 5.09446	 24
 5.11012	 12
 5.12543	 32
 5.14089	 4
 5.15602	 20
 5.1713	 4
 5.18626	 16
 5.20136	 16
 5.21614	 12
 5.23108	 16
 5.24569	 28
 5.26046	 20
 5.27491	 12
 5.28951	 12
 5.30381	 16
 5.31825	 12
 5.3324	 8
 5.34669	 0
 5.36068	 8
 5.37482	 20
 5.38867	 16
 5.40266	 8
 5.41637	 4
 5.43022	 12
 5.44379	 0
 5.4575	 4
 5.47093	 4
 5.48451	 0
 5.49782	 12
 5.51126	 4
 5.52444	 8
 5.53775	 4
 5.5508	 0
 5.56399	 4
 5.57692	 20
 5.58999	 4
 5.603	 8
 5.61574	 0
 5.62863	 0
 5.64126	 0
 5.65404	 8
 5.66655	 4
 5.67922	 4
 5.69162	 4
 5.70417	 0
 5.71647	 4
 5.72891	 0
 5.74111	 4
 5.75344	 12
 5.76649	 4
 5.77796	 4
 5.78937	 4
 5.80264	 0
 5.81396	 8
 5.82524	 0
 5.83834	 0
 5.84953	 12
 5.86067	 4
 5.87362	 0
 5.88467	 4
 5.89568	 8
 5.90847	 0
 5.91939	 0
 5.93027	 0
 5.94292	 8
 5.95371	 4
 5.96447	 0
 5.97697	 0
 5.98764	 0
 6.00005	 0
 6.01064	 0
 6.02119	 0
 6.03346	 0
 6.04393	 0
 6.05437	 0
 6.06651	 0
 6.07687	 0
 6.08719	 0
 6.0992	 0
 6.10945	 0
 6.11966	 0
 6.13154	 0
 6.14168	 4
 6.15179	 0
 6.16355	 0
 6.17358	 0
 6.18525	 0
 6.19522	 0
 6.20516	 0
 6.21671	 0
 6.22658	 4
 6.23642	 0
 6.24785	 0
 6.25762	 0
 6.26736	 0
 6.27869	 0
 6.28836	 0
 6.29801	 4
 6.30922	 0
 6.3188	 0
 6.32835	 0
 6.33946	 0
 6.34895	 0
 6.35841	 4
 6.36942	 0
 6.37882	 0
 6.38975	 0
 6.39909	 0
 6.40841	 0
 6.41924	 4
 6.4285	 0
 6.43773	 0
 6.44846	 0
 6.45763	 0
 6.46678	 0
 6.47742	 0
 6.48651	 0
 6.49558	 0
 6.50612	 0
 6.51513	 0
 6.52412	 0
 6.53457	 0
 6.54351	 0
 6.5539	 0
 6.56278	 0
 6.57163	 0
 6.58194	 0
 6.59074	 0
 6.59952	 0
 6.60974	 0
 6.61847	 0
 6.62718	 0
 6.63731	 0
 6.64597	 0
 6.65461	 0
 6.66466	 0
 6.67324	 0
 6.68181	 0
 6.69178	 0
 6.7003	 0
 6.70879	 0
 6.71868	 0
 6.72713	 0
 6.73696	 0
 6.74537	 0
 6.75375	 0
 6.76351	 20
 6.77327	 0
