 0	 0
 1.06647	 0
 1.34359	 0
 1.53803	 0
 1.69305	 0
 1.82373	 0
 1.93797	 0
 2.04013	 0
 2.13296	 0
 2.21836	 0
 2.29764	 0
 2.37191	 0
 2.44169	 287
 2.50769	 343
 2.5704	 406
 2.63018	 574
 2.68719	 634
 2.74247	 809
 2.79479	 905
 2.84601	 1180
 2.89469	 980
 2.94252	 1096
 2.98813	 1168
 3.03308	 1052
 3.07606	 1251
 3.11854	 1203
 3.15924	 1247
 3.19955	 1036
 3.23826	 1255
 3.27665	 1124
 3.31359	 1040
 3.35029	 928
 3.38565	 1044
 3.42083	 968
 3.45476	 1008
 3.48857	 948
 3.52121	 873
 3.55377	 936
 3.58575	 952
 3.61667	 948
 3.64756	 753
 3.67746	 825
 3.70734	 769
 3.73629	 769
 3.76525	 610
 3.79333	 586
 3.82144	 650
 3.84871	 562
 3.87602	 530
 3.90254	 574
 3.92911	 550
 3.95492	 462
 3.9808	 534
 4.00595	 414
 4.03118	 446
 4.05571	 339
 4.08033	 303
 4.10428	 315
 4.12832	 331
 4.15172	 283
 4.17523	 255
 4.19811	 227
 4.2211	 183
 4.24349	 259
 4.266	 211
 4.28792	 175
 4.30997	 211
 4.33145	 215
 4.35306	 183
 4.37413	 203
 4.39532	 171
 4.41598	 96
 4.43678	 151
 4.45738	 147
 4.47747	 151
 4.49771	 124
 4.51745	 139
 4.53732	 116
 4.55672	 116
 4.57626	 116
 4.59533	 120
 4.61455	 80
 4.6333	 68
 4.65221	 92
 4.67066	 76
 4.68927	 92
 4.70744	 104
 4.72575	 80
 4.74364	 76
 4.76168	 36
 4.7793	 60
 4.79707	 52
 4.81444	 36
 4.83195	 44
 4.84907	 48
 4.86634	 68
 4.88321	 56
 4.90024	 68
 4.91689	 40
 4.93368	 36
 4.95011	 32
 4.96668	 52
 4.98288	 32
 4.99924	 20
 5.01524	 48
 5.03138	 40
 5.04718	 24
 5.06312	 16
 5.07872	 20
 5.09446	 24
 5.11012	 8
 5.12543	 12
 5.14089	 12
 5.15602	 12
 5.1713	 4
 5.18626	 12
 5.20136	 12
 5.21614	 12
 5.23108	 16
 5.24569	 8
 5.26046	 8
 5.27491	 16
 5.28951	 16
 5.30381	 8
 5.31825	 16
 5.3324	 20
 5.34669	 8
 5.36068	 0
 5.37482	 0
 5.38867	 8
 5.40266	 4
 5.41637	 0
 5.43022	 4
 5.44379	 8
 5.4575	 4
 5.47093	 0
 5.48451	 4
 5.49782	 4
 5.51126	 4
 5.52444	 8
 5.53775	 8
 5.5508	 0
 5.56399	 0
 5.57692	 0
 5.58999	 0
 5.603	 4
 5.61574	 4
 5.62863	 0
 5.64126	 4
 5.65404	 4
 5.66655	 0
 5.67922	 4
 5.69162	 4
 5.70417	 0
 5.71647	 0
 5.72891	 0
 5.74111	 0
 5.75344	 0
 5.76649	 0
 5.77796	 0
 5.78937	 0
 5.80264	 8
 5.81396	 0
 5.82524	 4
 5.83834	 0
 5.84953	 4
 5.86067	 0
 5.87362	 0
 5.88467	 4
 5.89568	 0
 5.90847	 4
 5.91939	 0
 5.93027	 0
 5.94292	 0
 5.95371	 4
 5.96447	 0
 5.97697	 12
 5.98764	 0
 6.00005	 4
 6.01064	 0
 6.02119	 0
 6.03346	 0
 6.04393	 0
 6.05437	 0
 6.06651	 0
 6.07687	 0
 6.08719	 0
 6.0992	 0
 6.10945	 0
 6.11966	 0
 6.13154	 0
 6.14168	 0
 6.15179	 4
 6.16355	 0
 6.17358	 0
 6.18525	 0
 6.19522	 0
 6.20516	 0
 6.21671	 0
 6.22658	 0
 6.23642	 0
 6.24785	 0
 6.25762	 0
 6.26736	 4
 6.27869	 0
 6.28836	 4
 6.29801	 0
 6.30922	 0
 6.3188	 0
 6.32835	 0
 6.33946	 0
 6.34895	 0
 6.35841	 0
 6.36942	 0
 6.37882	 0
 6.38975	 0
 6.39909	 0
 6.40841	 0
 6.41924	 0
 6.4285	 0
 6.43773	 0
 6.44846	 4
 6.45763	 0
 6.46678	 0
 6.47742	 0
 6.48651	 0
 6.49558	 4
 6.50612	 0
 6.51513	 4
 6.52412	 0
 6.53457	 0
 6.54351	 0
 6.5539	 0
 6.56278	 0
 6.57163	 0
 6.58194	 0
 6.59074	 0
 6.59952	 0
 6.60974	 0
 6.61847	 0
 6.62718	 0
 6.63731	 0
 6.64597	 0
 6.65461	 0
 6.66466	 0
 6.67324	 0
 6.68181	 0
 6.69178	 0
 6.7003	 0
 6.70879	 0
 6.71868	 0
 6.72713	 0
 6.73696	 0
 6.74537	 0
 6.75375	 0
 6.76351	 20
 6.77327	 0
