 0	 0
 1.06647	 0
 1.34359	 0
 1.53803	 0
 1.69305	 0
 1.82373	 0
 1.93797	 0
 2.04013	 0
 2.13296	 0
 2.21836	 0
 2.29764	 0
 2.37191	 0
 2.44169	 52
 2.50769	 66
 2.5704	 70
 2.63018	 66
 2.68719	 97
 2.74247	 92
 2.79479	 42
 2.84601	 49
 2.89469	 56
 2.94252	 75
 2.98813	 64
 3.03308	 96
 3.07606	 68
 3.11854	 77
 3.15924	 61
 3.19955	 75
 3.23826	 82
 3.27665	 63
 3.31359	 64
 3.35029	 78
 3.38565	 70
 3.42083	 89
 3.45476	 71
 3.48857	 73
 3.52121	 49
 3.55377	 73
 3.58575	 63
 3.61667	 92
 3.64756	 57
 3.67746	 61
 3.70734	 84
 3.73629	 59
 3.76525	 59
 3.79333	 57
 3.82144	 61
 3.84871	 45
 3.87602	 59
 3.90254	 73
 3.92911	 54
 3.95492	 75
 3.9808	 78
 4.00595	 66
 4.03118	 78
 4.05571	 77
 4.08033	 66
 4.10428	 64
 4.12832	 63
 4.15172	 68
 4.17523	 50
 4.19811	 56
 4.2211	 66
 4.24349	 59
 4.266	 56
 4.28792	 57
 4.30997	 56
 4.33145	 75
 4.35306	 50
 4.37413	 45
 4.39532	 37
 4.41598	 54
 4.43678	 47
 4.45738	 47
 4.47747	 43
 4.49771	 35
 4.51745	 50
 4.53732	 54
 4.55672	 43
 4.57626	 35
 4.59533	 38
 4.61455	 43
 4.6333	 45
 4.65221	 47
 4.67066	 42
 4.68927	 33
 4.70744	 33
 4.72575	 54
 4.74364	 35
 4.76168	 31
 4.7793	 31
 4.79707	 28
 4.81444	 31
 4.83195	 37
 4.84907	 26
 4.86634	 17
 4.88321	 19
 4.90024	 21
 4.91689	 17
 4.93368	 23
 4.95011	 21
 4.96668	 16
 4.98288	 16
 4.99924	 30
 5.01524	 26
 5.03138	 21
 5.04718	 17
 5.06312	 26
 5.07872	 21
 5.09446	 10
 5.11012	 16
 5.12543	 14
 5.14089	 16
 5.15602	 16
 5.1713	 14
 5.18626	 17
 5.20136	 17
 5.21614	 16
 5.23108	 16
 5.24569	 14
 5.26046	 23
 5.27491	 16
 5.28951	 16
 5.30381	 19
 5.31825	 9
 5.3324	 21
 5.34669	 14
 5.36068	 10
 5.37482	 14
 5.38867	 12
 5.40266	 19
 5.41637	 3
 5.43022	 14
 5.44379	 12
 5.4575	 23
 5.47093	 12
 5.48451	 9
 5.49782	 9
 5.51126	 12
 5.52444	 7
 5.53775	 12
 5.5508	 9
 5.56399	 9
 5.57692	 5
 5.58999	 16
 5.603	 10
 5.61574	 14
 5.62863	 7
 5.64126	 9
 5.65404	 5
 5.66655	 7
 5.67922	 16
 5.69162	 10
 5.70417	 7
 5.71647	 9
 5.72891	 10
 5.74111	 10
 5.75344	 12
 5.76649	 12
 5.77796	 9
 5.78937	 9
 5.80264	 5
 5.81396	 12
 5.82524	 14
 5.83834	 9
 5.84953	 7
 5.86067	 12
 5.87362	 7
 5.88467	 7
 5.89568	 2
 5.90847	 9
 5.91939	 5
 5.93027	 5
 5.94292	 9
 5.95371	 14
 5.96447	 14
 5.97697	 5
 5.98764	 5
 6.00005	 7
 6.01064	 7
 6.02119	 3
 6.03346	 5
 6.04393	 9
 6.05437	 5
 6.06651	 3
 6.07687	 5
 6.08719	 10
 6.0992	 3
 6.10945	 7
 6.11966	 5
 6.13154	 3
 6.14168	 3
 6.15179	 3
 6.16355	 5
 6.17358	 7
 6.18525	 3
 6.19522	 2
 6.20516	 5
 6.21671	 3
 6.22658	 3
 6.23642	 9
 6.24785	 3
 6.25762	 5
 6.26736	 7
 6.27869	 5
 6.28836	 0
 6.29801	 7
 6.30922	 2
 6.3188	 3
 6.32835	 5
 6.33946	 9
 6.34895	 2
 6.35841	 0
 6.36942	 2
 6.37882	 3
 6.38975	 0
 6.39909	 2
 6.40841	 0
 6.41924	 2
 6.4285	 3
 6.43773	 0
 6.44846	 2
 6.45763	 2
 6.46678	 0
 6.47742	 2
 6.48651	 0
 6.49558	 0
 6.50612	 2
 6.51513	 3
 6.52412	 2
 6.53457	 0
 6.54351	 2
 6.5539	 3
 6.56278	 0
 6.57163	 0
 6.58194	 0
 6.59074	 2
 6.59952	 0
 6.60974	 2
 6.61847	 0
 6.62718	 3
 6.63731	 3
 6.64597	 0
 6.65461	 0
 6.66466	 2
 6.67324	 0
 6.68181	 3
 6.69178	 0
 6.7003	 2
 6.70879	 0
 6.71868	 0
 6.72713	 2
 6.73696	 0
 6.74537	 2
 6.75375	 2
 6.76351	 66
 6.77327	 0
