 0	 0
 1.06647	 0
 1.34359	 0
 1.53803	 0
 1.69305	 0
 1.82373	 0
 1.93797	 0
 2.04013	 0
 2.13296	 0
 2.21836	 0
 2.29764	 0
 2.37191	 0
 2.44169	 54
 2.50769	 54
 2.5704	 73
 2.63018	 75
 2.68719	 47
 2.74247	 75
 2.79479	 70
 2.84601	 75
 2.89469	 40
 2.94252	 78
 2.98813	 73
 3.03308	 59
 3.07606	 73
 3.11854	 85
 3.15924	 71
 3.19955	 82
 3.23826	 73
 3.27665	 98
 3.31359	 75
 3.35029	 75
 3.38565	 80
 3.42083	 84
 3.45476	 73
 3.48857	 49
 3.52121	 71
 3.55377	 64
 3.58575	 64
 3.61667	 47
 3.64756	 70
 3.67746	 54
 3.70734	 66
 3.73629	 44
 3.76525	 66
 3.79333	 71
 3.82144	 70
 3.84871	 56
 3.87602	 80
 3.90254	 78
 3.92911	 68
 3.95492	 59
 3.9808	 77
 4.00595	 54
 4.03118	 54
 4.05571	 61
 4.08033	 52
 4.10428	 54
 4.12832	 64
 4.15172	 54
 4.17523	 91
 4.19811	 51
 4.2211	 54
 4.24349	 57
 4.266	 63
 4.28792	 51
 4.30997	 49
 4.33145	 63
 4.35306	 57
 4.37413	 52
 4.39532	 45
 4.41598	 45
 4.43678	 47
 4.45738	 31
 4.47747	 52
 4.49771	 42
 4.51745	 37
 4.53732	 47
 4.55672	 42
 4.57626	 45
 4.59533	 40
 4.61455	 37
 4.6333	 14
 4.65221	 21
 4.67066	 24
 4.68927	 61
 4.70744	 40
 4.72575	 31
 4.74364	 44
 4.76168	 28
 4.7793	 26
 4.79707	 21
 4.81444	 30
 4.83195	 31
 4.84907	 35
 4.86634	 24
 4.88321	 28
 4.90024	 17
 4.91689	 24
 4.93368	 19
 4.95011	 23
 4.96668	 12
 4.98288	 31
 4.99924	 28
 5.01524	 21
 5.03138	 12
 5.04718	 16
 5.06312	 30
 5.07872	 21
 5.09446	 10
 5.11012	 23
 5.12543	 19
 5.14089	 9
 5.15602	 12
 5.1713	 23
 5.18626	 16
 5.20136	 12
 5.21614	 9
 5.23108	 16
 5.24569	 17
 5.26046	 19
 5.27491	 10
 5.28951	 14
 5.30381	 26
 5.31825	 12
 5.3324	 12
 5.34669	 7
 5.36068	 14
 5.37482	 10
 5.38867	 17
 5.40266	 9
 5.41637	 10
 5.43022	 5
 5.44379	 7
 5.4575	 7
 5.47093	 9
 5.48451	 12
 5.49782	 24
 5.51126	 9
 5.52444	 12
 5.53775	 12
 5.5508	 14
 5.56399	 14
 5.57692	 10
 5.58999	 9
 5.603	 5
 5.61574	 9
 5.62863	 17
 5.64126	 7
 5.65404	 5
 5.66655	 17
 5.67922	 12
 5.69162	 9
 5.70417	 10
 5.71647	 7
 5.72891	 10
 5.74111	 2
 5.75344	 9
 5.76649	 12
 5.77796	 7
 5.78937	 7
 5.80264	 0
 5.81396	 2
 5.82524	 7
 5.83834	 7
 5.84953	 7
 5.86067	 7
 5.87362	 9
 5.88467	 10
 5.89568	 5
 5.90847	 2
 5.91939	 5
 5.93027	 9
 5.94292	 2
 5.95371	 9
 5.96447	 9
 5.97697	 2
 5.98764	 14
 6.00005	 2
 6.01064	 9
 6.02119	 5
 6.03346	 7
 6.04393	 7
 6.05437	 5
 6.06651	 9
 6.07687	 9
 6.08719	 7
 6.0992	 2
 6.10945	 0
 6.11966	 5
 6.13154	 3
 6.14168	 3
 6.15179	 3
 6.16355	 9
 6.17358	 7
 6.18525	 2
 6.19522	 5
 6.20516	 7
 6.21671	 5
 6.22658	 3
 6.23642	 7
 6.24785	 2
 6.25762	 2
 6.26736	 0
 6.27869	 2
 6.28836	 9
 6.29801	 2
 6.30922	 0
 6.3188	 7
 6.32835	 2
 6.33946	 0
 6.34895	 0
 6.35841	 3
 6.36942	 2
 6.37882	 0
 6.38975	 2
 6.39909	 2
 6.40841	 5
 6.41924	 2
 6.4285	 2
 6.43773	 3
 6.44846	 0
 6.45763	 0
 6.46678	 2
 6.47742	 0
 6.48651	 2
 6.49558	 5
 6.50612	 2
 6.51513	 2
 6.52412	 2
 6.53457	 0
 6.54351	 0
 6.5539	 5
 6.56278	 0
 6.57163	 0
 6.58194	 0
 6.59074	 2
 6.59952	 2
 6.60974	 0
 6.61847	 2
 6.62718	 2
 6.63731	 2
 6.64597	 2
 6.65461	 0
 6.66466	 2
 6.67324	 2
 6.68181	 0
 6.69178	 0
 6.7003	 2
 6.70879	 3
 6.71868	 0
 6.72713	 0
 6.73696	 2
 6.74537	 3
 6.75375	 2
 6.76351	 64
 6.77327	 0
