 0	 0
 1.06647	 0
 1.34359	 0
 1.53803	 0
 1.69305	 0
 1.82373	 0
 1.93797	 0
 2.04013	 0
 2.13296	 0
 2.21836	 0
 2.29764	 0
 2.37191	 0
 2.44169	 63
 2.50769	 72
 2.5704	 67
 2.63018	 58
 2.68719	 67
 2.74247	 65
 2.79479	 72
 2.84601	 63
 2.89469	 58
 2.94252	 99
 2.98813	 79
 3.03308	 74
 3.07606	 72
 3.11854	 74
 3.15924	 70
 3.19955	 70
 3.23826	 69
 3.27665	 82
 3.31359	 63
 3.35029	 67
 3.38565	 82
 3.42083	 70
 3.45476	 77
 3.48857	 57
 3.52121	 82
 3.55377	 60
 3.58575	 45
 3.61667	 48
 3.64756	 60
 3.67746	 48
 3.70734	 63
 3.73629	 58
 3.76525	 62
 3.79333	 70
 3.82144	 62
 3.84871	 57
 3.87602	 58
 3.90254	 60
 3.92911	 62
 3.95492	 60
 3.9808	 72
 4.00595	 62
 4.03118	 45
 4.05571	 60
 4.08033	 67
 4.10428	 62
 4.12832	 48
 4.15172	 75
 4.17523	 69
 4.19811	 48
 4.2211	 67
 4.24349	 57
 4.266	 41
 4.28792	 51
 4.30997	 58
 4.33145	 46
 4.35306	 53
 4.37413	 51
 4.39532	 48
 4.41598	 46
 4.43678	 57
 4.45738	 33
 4.47747	 55
 4.49771	 39
 4.51745	 46
 4.53732	 45
 4.55672	 43
 4.57626	 39
 4.59533	 38
 4.61455	 31
 4.6333	 27
 4.65221	 26
 4.67066	 43
 4.68927	 27
 4.70744	 38
 4.72575	 38
 4.74364	 34
 4.76168	 31
 4.7793	 31
 4.79707	 39
 4.81444	 31
 4.83195	 31
 4.84907	 19
 4.86634	 33
 4.88321	 24
 4.90024	 27
 4.91689	 29
 4.93368	 24
 4.95011	 31
 4.96668	 19
 4.98288	 17
 4.99924	 27
 5.01524	 24
 5.03138	 26
 5.04718	 17
 5.06312	 26
 5.07872	 12
 5.09446	 22
 5.11012	 22
 5.12543	 14
 5.14089	 22
 5.15602	 19
 5.1713	 22
 5.18626	 17
 5.20136	 12
 5.21614	 5
 5.23108	 15
 5.24569	 10
 5.26046	 22
 5.27491	 19
 5.28951	 10
 5.30381	 9
 5.31825	 17
 5.3324	 10
 5.34669	 12
 5.36068	 17
 5.37482	 17
 5.38867	 14
 5.40266	 10
 5.41637	 10
 5.43022	 9
 5.44379	 12
 5.4575	 10
 5.47093	 15
 5.48451	 12
 5.49782	 14
 5.51126	 10
 5.52444	 3
 5.53775	 15
 5.5508	 17
 5.56399	 15
 5.57692	 9
 5.58999	 7
 5.603	 9
 5.61574	 7
 5.62863	 17
 5.64126	 9
 5.65404	 14
 5.66655	 7
 5.67922	 10
 5.69162	 7
 5.70417	 10
 5.71647	 9
 5.72891	 12
 5.74111	 14
 5.75344	 7
 5.76649	 3
 5.77796	 2
 5.78937	 9
 5.80264	 9
 5.81396	 7
 5.82524	 3
 5.83834	 12
 5.84953	 5
 5.86067	 9
 5.87362	 10
 5.88467	 10
 5.89568	 10
 5.90847	 7
 5.91939	 9
 5.93027	 7
 5.94292	 7
 5.95371	 2
 5.96447	 7
 5.97697	 5
 5.98764	 10
 6.00005	 3
 6.01064	 5
 6.02119	 3
 6.03346	 5
 6.04393	 7
 6.05437	 5
 6.06651	 3
 6.07687	 5
 6.08719	 7
 6.0992	 10
 6.10945	 7
 6.11966	 2
 6.13154	 3
 6.14168	 10
 6.15179	 3
 6.16355	 5
 6.17358	 3
 6.18525	 2
 6.19522	 2
 6.20516	 5
 6.21671	 5
 6.22658	 7
 6.23642	 7
 6.24785	 5
 6.25762	 2
 6.26736	 0
 6.27869	 2
 6.28836	 3
 6.29801	 2
 6.30922	 3
 6.3188	 5
 6.32835	 2
 6.33946	 2
 6.34895	 3
 6.35841	 0
 6.36942	 3
 6.37882	 9
 6.38975	 3
 6.39909	 2
 6.40841	 2
 6.41924	 5
 6.4285	 3
 6.43773	 3
 6.44846	 5
 6.45763	 2
 6.46678	 3
 6.47742	 2
 6.48651	 0
 6.49558	 3
 6.50612	 3
 6.51513	 0
 6.52412	 3
 6.53457	 2
 6.54351	 2
 6.5539	 3
 6.56278	 0
 6.57163	 2
 6.58194	 0
 6.59074	 2
 6.59952	 0
 6.60974	 0
 6.61847	 3
 6.62718	 2
 6.63731	 0
 6.64597	 2
 6.65461	 0
 6.66466	 2
 6.67324	 2
 6.68181	 0
 6.69178	 0
 6.7003	 2
 6.70879	 0
 6.71868	 0
 6.72713	 2
 6.73696	 2
 6.74537	 0
 6.75375	 2
 6.76351	 75
 6.77327	 0
