 0	 0
 1.06647	 0
 1.34359	 0
 1.53803	 0
 1.69305	 0
 1.82373	 0
 1.93797	 0
 2.04013	 0
 2.13296	 0
 2.21836	 0
 2.29764	 0
 2.37191	 0
 2.44169	 58
 2.50769	 62
 2.5704	 60
 2.63018	 53
 2.68719	 62
 2.74247	 57
 2.79479	 74
 2.84601	 64
 2.89469	 53
 2.94252	 65
 2.98813	 76
 3.03308	 67
 3.07606	 88
 3.11854	 89
 3.15924	 88
 3.19955	 79
 3.23826	 67
 3.27665	 101
 3.31359	 82
 3.35029	 110
 3.38565	 88
 3.42083	 62
 3.45476	 84
 3.48857	 76
 3.52121	 74
 3.55377	 69
 3.58575	 58
 3.61667	 74
 3.64756	 57
 3.67746	 45
 3.70734	 70
 3.73629	 70
 3.76525	 67
 3.79333	 55
 3.82144	 72
 3.84871	 58
 3.87602	 53
 3.90254	 45
 3.92911	 57
 3.95492	 74
 3.9808	 67
 4.00595	 69
 4.03118	 76
 4.05571	 67
 4.08033	 70
 4.10428	 67
 4.12832	 51
 4.15172	 51
 4.17523	 51
 4.19811	 60
 4.2211	 69
 4.24349	 62
 4.266	 41
 4.28792	 53
 4.30997	 46
 4.33145	 48
 4.35306	 69
 4.37413	 36
 4.39532	 60
 4.41598	 45
 4.43678	 43
 4.45738	 51
 4.47747	 45
 4.49771	 38
 4.51745	 41
 4.53732	 55
 4.55672	 41
 4.57626	 39
 4.59533	 36
 4.61455	 41
 4.6333	 38
 4.65221	 39
 4.67066	 36
 4.68927	 46
 4.70744	 39
 4.72575	 36
 4.74364	 31
 4.76168	 27
 4.7793	 31
 4.79707	 19
 4.81444	 27
 4.83195	 26
 4.84907	 27
 4.86634	 26
 4.88321	 27
 4.90024	 21
 4.91689	 31
 4.93368	 31
 4.95011	 17
 4.96668	 15
 4.98288	 36
 4.99924	 19
 5.01524	 17
 5.03138	 21
 5.04718	 26
 5.06312	 21
 5.07872	 19
 5.09446	 15
 5.11012	 17
 5.12543	 15
 5.14089	 31
 5.15602	 22
 5.1713	 12
 5.18626	 19
 5.20136	 14
 5.21614	 14
 5.23108	 15
 5.24569	 21
 5.26046	 19
 5.27491	 10
 5.28951	 10
 5.30381	 24
 5.31825	 12
 5.3324	 31
 5.34669	 17
 5.36068	 7
 5.37482	 12
 5.38867	 21
 5.40266	 5
 5.41637	 19
 5.43022	 9
 5.44379	 10
 5.4575	 7
 5.47093	 10
 5.48451	 15
 5.49782	 17
 5.51126	 14
 5.52444	 14
 5.53775	 15
 5.5508	 10
 5.56399	 9
 5.57692	 2
 5.58999	 12
 5.603	 10
 5.61574	 10
 5.62863	 12
 5.64126	 12
 5.65404	 5
 5.66655	 2
 5.67922	 9
 5.69162	 10
 5.70417	 2
 5.71647	 9
 5.72891	 5
 5.74111	 10
 5.75344	 10
 5.76649	 9
 5.77796	 12
 5.78937	 14
 5.80264	 9
 5.81396	 5
 5.82524	 10
 5.83834	 3
 5.84953	 9
 5.86067	 2
 5.87362	 3
 5.88467	 10
 5.89568	 15
 5.90847	 14
 5.91939	 10
 5.93027	 7
 5.94292	 10
 5.95371	 10
 5.96447	 3
 5.97697	 5
 5.98764	 7
 6.00005	 5
 6.01064	 9
 6.02119	 3
 6.03346	 9
 6.04393	 5
 6.05437	 7
 6.06651	 5
 6.07687	 3
 6.08719	 2
 6.0992	 3
 6.10945	 7
 6.11966	 9
 6.13154	 5
 6.14168	 2
 6.15179	 7
 6.16355	 2
 6.17358	 3
 6.18525	 5
 6.19522	 7
 6.20516	 5
 6.21671	 0
 6.22658	 0
 6.23642	 2
 6.24785	 3
 6.25762	 5
 6.26736	 2
 6.27869	 2
 6.28836	 0
 6.29801	 3
 6.30922	 0
 6.3188	 3
 6.32835	 3
 6.33946	 0
 6.34895	 7
 6.35841	 2
 6.36942	 0
 6.37882	 0
 6.38975	 2
 6.39909	 2
 6.40841	 3
 6.41924	 0
 6.4285	 3
 6.43773	 0
 6.44846	 3
 6.45763	 5
 6.46678	 3
 6.47742	 2
 6.48651	 0
 6.49558	 3
 6.50612	 2
 6.51513	 2
 6.52412	 2
 6.53457	 2
 6.54351	 0
 6.5539	 3
 6.56278	 2
 6.57163	 9
 6.58194	 3
 6.59074	 3
 6.59952	 2
 6.60974	 2
 6.61847	 2
 6.62718	 5
 6.63731	 3
 6.64597	 0
 6.65461	 3
 6.66466	 2
 6.67324	 0
 6.68181	 3
 6.69178	 0
 6.7003	 2
 6.70879	 2
 6.71868	 0
 6.72713	 2
 6.73696	 2
 6.74537	 0
 6.75375	 2
 6.76351	 60
 6.77327	 0
