 0	 0
 1.06647	 0
 1.34359	 0
 1.53803	 0
 1.69305	 0
 1.82373	 0
 1.93797	 0
 2.04013	 0
 2.13296	 0
 2.21836	 0
 2.29764	 0
 2.37191	 0
 2.44169	 1244
 2.50769	 1289
 2.5704	 1227
 2.63018	 1110
 2.68719	 1028
 2.74247	 948
 2.79479	 926
 2.84601	 977
 2.89469	 892
 2.94252	 957
 2.98813	 897
 3.03308	 988
 3.07606	 960
 3.11854	 775
 3.15924	 707
 3.19955	 775
 3.23826	 667
 3.27665	 633
 3.31359	 627
 3.35029	 593
 3.38565	 477
 3.42083	 397
 3.45476	 409
 3.48857	 346
 3.52121	 287
 3.55377	 344
 3.58575	 258
 3.61667	 264
 3.64756	 199
 3.67746	 190
 3.70734	 210
 3.73629	 142
 3.76525	 168
 3.79333	 122
 3.82144	 114
 3.84871	 105
 3.87602	 65
 3.90254	 79
 3.92911	 97
 3.95492	 77
 3.9808	 45
 4.00595	 45
 4.03118	 77
 4.05571	 40
 4.08033	 51
 4.10428	 40
 4.12832	 37
 4.15172	 20
 4.17523	 37
 4.19811	 34
 4.2211	 26
 4.24349	 28
 4.266	 26
 4.28792	 31
 4.30997	 14
 4.33145	 23
 4.35306	 20
 4.37413	 9
 4.39532	 0
 4.41598	 11
 4.43678	 9
 4.45738	 11
 4.47747	 17
 4.49771	 11
 4.51745	 3
 4.53732	 9
 4.55672	 11
 4.57626	 14
 4.59533	 0
 4.61455	 6
 4.6333	 0
 4.65221	 3
 4.67066	 3
 4.68927	 3
 4.70744	 9
 4.72575	 11
 4.74364	 0
 4.76168	 3
 4.7793	 9
 4.79707	 3
 4.81444	 6
 4.83195	 6
 4.84907	 3
 4.86634	 3
 4.88321	 3
 4.90024	 0
 4.91689	 0
 4.93368	 3
 4.95011	 3
 4.96668	 9
 4.98288	 0
 4.99924	 3
 5.01524	 3
 5.03138	 6
 5.04718	 0
 5.06312	 6
 5.07872	 0
 5.09446	 0
 5.11012	 0
 5.12543	 6
 5.14089	 0
 5.15602	 0
 5.1713	 3
 5.18626	 0
 5.20136	 0
 5.21614	 0
 5.23108	 3
 5.24569	 0
 5.26046	 3
 5.27491	 0
 5.28951	 0
 5.30381	 0
 5.31825	 0
 5.3324	 3
 5.34669	 0
 5.36068	 0
 5.37482	 3
 5.38867	 0
 5.40266	 0
 5.41637	 3
 5.43022	 0
 5.44379	 0
 5.4575	 0
 5.47093	 0
 5.48451	 0
 5.49782	 0
 5.51126	 0
 5.52444	 0
 5.53775	 0
 5.5508	 3
 5.56399	 0
 5.57692	 0
 5.58999	 0
 5.603	 0
 5.61574	 0
 5.62863	 0
 5.64126	 0
 5.65404	 0
 5.66655	 0
 5.67922	 0
 5.69162	 0
 5.70417	 0
 5.71647	 0
 5.72891	 3
 5.74111	 0
 5.75344	 0
 5.76649	 0
 5.77796	 0
 5.78937	 3
 5.80264	 0
 5.81396	 0
 5.82524	 0
 5.83834	 0
 5.84953	 0
 5.86067	 3
 5.87362	 0
 5.88467	 3
 5.89568	 0
 5.90847	 0
 5.91939	 0
 5.93027	 0
 5.94292	 0
 5.95371	 0
 5.96447	 0
 5.97697	 0
 5.98764	 0
 6.00005	 0
 6.01064	 0
 6.02119	 3
 6.03346	 0
 6.04393	 0
 6.05437	 0
 6.06651	 0
 6.07687	 0
 6.08719	 0
 6.0992	 0
 6.10945	 0
 6.11966	 0
 6.13154	 0
 6.14168	 0
 6.15179	 0
 6.16355	 0
 6.17358	 0
 6.18525	 0
 6.19522	 0
 6.20516	 0
 6.21671	 0
 6.22658	 0
 6.23642	 0
 6.24785	 0
 6.25762	 0
 6.26736	 0
 6.27869	 0
 6.28836	 0
 6.29801	 0
 6.30922	 0
 6.3188	 0
 6.32835	 0
 6.33946	 0
 6.34895	 0
 6.35841	 0
 6.36942	 0
 6.37882	 0
 6.38975	 0
 6.39909	 0
 6.40841	 3
 6.41924	 0
 6.4285	 0
 6.43773	 0
 6.44846	 0
 6.45763	 0
 6.46678	 3
 6.47742	 0
 6.48651	 0
 6.49558	 0
 6.50612	 0
 6.51513	 0
 6.52412	 0
 6.53457	 0
 6.54351	 0
 6.5539	 0
 6.56278	 0
 6.57163	 0
 6.58194	 0
 6.59074	 0
 6.59952	 0
 6.60974	 0
 6.61847	 0
 6.62718	 0
 6.63731	 0
 6.64597	 0
 6.65461	 0
 6.66466	 0
 6.67324	 0
 6.68181	 0
 6.69178	 0
 6.7003	 3
 6.70879	 0
 6.71868	 0
 6.72713	 0
 6.73696	 0
 6.74537	 0
 6.75375	 0
 6.76351	 17
 6.77327	 0
