 0	 0
 1.06647	 0
 1.34359	 0
 1.53803	 0
 1.69305	 0
 1.82373	 0
 1.93797	 0
 2.04013	 0
 2.13296	 0
 2.21836	 0
 2.29764	 0
 2.37191	 0
 2.44169	 221
 2.50769	 342
 2.5704	 434
 2.63018	 463
 2.68719	 449
 2.74247	 482
 2.79479	 501
 2.84601	 522
 2.89469	 417
 2.94252	 403
 2.98813	 371
 3.03308	 424
 3.07606	 392
 3.11854	 434
 3.15924	 336
 3.19955	 382
 3.23826	 386
 3.27665	 363
 3.31359	 334
 3.35029	 371
 3.38565	 401
 3.42083	 336
 3.45476	 344
 3.48857	 275
 3.52121	 298
 3.55377	 275
 3.58575	 255
 3.61667	 198
 3.64756	 227
 3.67746	 204
 3.70734	 173
 3.73629	 154
 3.76525	 156
 3.79333	 104
 3.82144	 100
 3.84871	 111
 3.87602	 94
 3.90254	 71
 3.92911	 73
 3.95492	 79
 3.9808	 56
 4.00595	 83
 4.03118	 63
 4.05571	 58
 4.08033	 44
 4.10428	 58
 4.12832	 44
 4.15172	 44
 4.17523	 21
 4.19811	 23
 4.2211	 21
 4.24349	 27
 4.266	 31
 4.28792	 6
 4.30997	 23
 4.33145	 6
 4.35306	 23
 4.37413	 10
 4.39532	 15
 4.41598	 10
 4.43678	 8
 4.45738	 15
 4.47747	 13
 4.49771	 10
 4.51745	 8
 4.53732	 15
 4.55672	 4
 4.57626	 10
 4.59533	 8
 4.61455	 4
 4.6333	 2
 4.65221	 4
 4.67066	 0
 4.68927	 2
 4.70744	 6
 4.72575	 2
 4.74364	 4
 4.76168	 15
 4.7793	 8
 4.79707	 8
 4.81444	 2
 4.83195	 4
 4.84907	 0
 4.86634	 2
 4.88321	 4
 4.90024	 4
 4.91689	 6
 4.93368	 2
 4.95011	 0
 4.96668	 0
 4.98288	 2
 4.99924	 4
 5.01524	 6
 5.03138	 0
 5.04718	 4
 5.06312	 0
 5.07872	 2
 5.09446	 2
 5.11012	 4
 5.12543	 2
 5.14089	 0
 5.15602	 0
 5.1713	 0
 5.18626	 0
 5.20136	 0
 5.21614	 0
 5.23108	 0
 5.24569	 2
 5.26046	 2
 5.27491	 2
 5.28951	 0
 5.30381	 0
 5.31825	 0
 5.3324	 2
 5.34669	 2
 5.36068	 0
 5.37482	 2
 5.38867	 4
 5.40266	 0
 5.41637	 2
 5.43022	 0
 5.44379	 0
 5.4575	 2
 5.47093	 0
 5.48451	 0
 5.49782	 0
 5.51126	 2
 5.52444	 2
 5.53775	 0
 5.5508	 0
 5.56399	 2
 5.57692	 0
 5.58999	 0
 5.603	 0
 5.61574	 0
 5.62863	 4
 5.64126	 2
 5.65404	 0
 5.66655	 0
 5.67922	 0
 5.69162	 2
 5.70417	 2
 5.71647	 0
 5.72891	 2
 5.74111	 0
 5.75344	 0
 5.76649	 0
 5.77796	 0
 5.78937	 0
 5.80264	 0
 5.81396	 0
 5.82524	 0
 5.83834	 0
 5.84953	 0
 5.86067	 0
 5.87362	 0
 5.88467	 0
 5.89568	 0
 5.90847	 0
 5.91939	 0
 5.93027	 0
 5.94292	 2
 5.95371	 0
 5.96447	 0
 5.97697	 0
 5.98764	 0
 6.00005	 0
 6.01064	 0
 6.02119	 0
 6.03346	 0
 6.04393	 0
 6.05437	 0
 6.06651	 0
 6.07687	 0
 6.08719	 0
 6.0992	 0
 6.10945	 0
 6.11966	 0
 6.13154	 0
 6.14168	 0
 6.15179	 0
 6.16355	 0
 6.17358	 0
 6.18525	 0
 6.19522	 0
 6.20516	 0
 6.21671	 0
 6.22658	 0
 6.23642	 0
 6.24785	 0
 6.25762	 0
 6.26736	 2
 6.27869	 0
 6.28836	 0
 6.29801	 0
 6.30922	 0
 6.3188	 0
 6.32835	 0
 6.33946	 0
 6.34895	 0
 6.35841	 0
 6.36942	 0
 6.37882	 0
 6.38975	 0
 6.39909	 0
 6.40841	 0
 6.41924	 0
 6.4285	 0
 6.43773	 0
 6.44846	 0
 6.45763	 0
 6.46678	 0
 6.47742	 0
 6.48651	 0
 6.49558	 0
 6.50612	 0
 6.51513	 0
 6.52412	 0
 6.53457	 0
 6.54351	 0
 6.5539	 0
 6.56278	 0
 6.57163	 0
 6.58194	 0
 6.59074	 0
 6.59952	 0
 6.60974	 0
 6.61847	 0
 6.62718	 0
 6.63731	 0
 6.64597	 0
 6.65461	 0
 6.66466	 0
 6.67324	 0
 6.68181	 0
 6.69178	 0
 6.7003	 0
 6.70879	 0
 6.71868	 0
 6.72713	 0
 6.73696	 0
 6.74537	 0
 6.75375	 0
 6.76351	 17
 6.77327	 0
