 0	 0
 1.06647	 0
 1.34359	 0
 1.53803	 0
 1.69305	 0
 1.82373	 0
 1.93797	 0
 2.04013	 0
 2.13296	 0
 2.21836	 0
 2.29764	 0
 2.37191	 0
 2.44169	 41
 2.50769	 59
 2.5704	 96
 2.63018	 140
 2.68719	 165
 2.74247	 178
 2.79479	 197
 2.84601	 183
 2.89469	 182
 2.94252	 139
 2.98813	 164
 3.03308	 165
 3.07606	 129
 3.11854	 140
 3.15924	 111
 3.19955	 144
 3.23826	 116
 3.27665	 154
 3.31359	 150
 3.35029	 126
 3.38565	 121
 3.42083	 94
 3.45476	 119
 3.48857	 119
 3.52121	 132
 3.55377	 121
 3.58575	 101
 3.61667	 127
 3.64756	 114
 3.67746	 116
 3.70734	 101
 3.73629	 94
 3.76525	 101
 3.79333	 68
 3.82144	 79
 3.84871	 50
 3.87602	 74
 3.90254	 73
 3.92911	 66
 3.95492	 41
 3.9808	 45
 4.00595	 38
 4.03118	 26
 4.05571	 48
 4.08033	 50
 4.10428	 30
 4.12832	 26
 4.15172	 25
 4.17523	 31
 4.19811	 26
 4.2211	 13
 4.24349	 17
 4.266	 28
 4.28792	 8
 4.30997	 10
 4.33145	 12
 4.35306	 10
 4.37413	 5
 4.39532	 7
 4.41598	 8
 4.43678	 2
 4.45738	 10
 4.47747	 2
 4.49771	 5
 4.51745	 3
 4.53732	 0
 4.55672	 5
 4.57626	 3
 4.59533	 5
 4.61455	 5
 4.6333	 7
 4.65221	 0
 4.67066	 0
 4.68927	 0
 4.70744	 2
 4.72575	 2
 4.74364	 3
 4.76168	 2
 4.7793	 2
 4.79707	 0
 4.81444	 0
 4.83195	 0
 4.84907	 0
 4.86634	 3
 4.88321	 0
 4.90024	 2
 4.91689	 0
 4.93368	 0
 4.95011	 2
 4.96668	 2
 4.98288	 2
 4.99924	 2
 5.01524	 2
 5.03138	 2
 5.04718	 2
 5.06312	 0
 5.07872	 0
 5.09446	 2
 5.11012	 0
 5.12543	 2
 5.14089	 0
 5.15602	 2
 5.1713	 0
 5.18626	 0
 5.20136	 0
 5.21614	 0
 5.23108	 2
 5.24569	 2
 5.26046	 2
 5.27491	 0
 5.28951	 0
 5.30381	 5
 5.31825	 0
 5.3324	 0
 5.34669	 0
 5.36068	 0
 5.37482	 0
 5.38867	 0
 5.40266	 0
 5.41637	 0
 5.43022	 0
 5.44379	 0
 5.4575	 2
 5.47093	 2
 5.48451	 2
 5.49782	 0
 5.51126	 0
 5.52444	 0
 5.53775	 0
 5.5508	 0
 5.56399	 0
 5.57692	 0
 5.58999	 0
 5.603	 0
 5.61574	 0
 5.62863	 2
 5.64126	 0
 5.65404	 0
 5.66655	 0
 5.67922	 0
 5.69162	 0
 5.70417	 0
 5.71647	 0
 5.72891	 0
 5.74111	 0
 5.75344	 2
 5.76649	 0
 5.77796	 0
 5.78937	 0
 5.80264	 0
 5.81396	 0
 5.82524	 0
 5.83834	 0
 5.84953	 0
 5.86067	 0
 5.87362	 0
 5.88467	 0
 5.89568	 0
 5.90847	 0
 5.91939	 0
 5.93027	 0
 5.94292	 0
 5.95371	 0
 5.96447	 0
 5.97697	 0
 5.98764	 0
 6.00005	 0
 6.01064	 2
 6.02119	 0
 6.03346	 0
 6.04393	 0
 6.05437	 0
 6.06651	 2
 6.07687	 0
 6.08719	 2
 6.0992	 0
 6.10945	 0
 6.11966	 0
 6.13154	 2
 6.14168	 0
 6.15179	 0
 6.16355	 0
 6.17358	 0
 6.18525	 0
 6.19522	 0
 6.20516	 0
 6.21671	 0
 6.22658	 0
 6.23642	 0
 6.24785	 0
 6.25762	 0
 6.26736	 2
 6.27869	 0
 6.28836	 0
 6.29801	 0
 6.30922	 2
 6.3188	 0
 6.32835	 0
 6.33946	 0
 6.34895	 0
 6.35841	 0
 6.36942	 0
 6.37882	 0
 6.38975	 0
 6.39909	 0
 6.40841	 0
 6.41924	 0
 6.4285	 0
 6.43773	 0
 6.44846	 0
 6.45763	 0
 6.46678	 0
 6.47742	 0
 6.48651	 0
 6.49558	 0
 6.50612	 0
 6.51513	 0
 6.52412	 0
 6.53457	 0
 6.54351	 0
 6.5539	 0
 6.56278	 0
 6.57163	 0
 6.58194	 0
 6.59074	 0
 6.59952	 0
 6.60974	 0
 6.61847	 0
 6.62718	 0
 6.63731	 0
 6.64597	 0
 6.65461	 0
 6.66466	 0
 6.67324	 2
 6.68181	 0
 6.69178	 0
 6.7003	 0
 6.70879	 0
 6.71868	 0
 6.72713	 0
 6.73696	 0
 6.74537	 0
 6.75375	 0
 6.76351	 18
 6.77327	 0
