 0	 0
 1.06647	 0
 1.34359	 0
 1.53803	 0
 1.69305	 0
 1.82373	 0
 1.93797	 0
 2.04013	 0
 2.13296	 0
 2.21836	 0
 2.29764	 0
 2.37191	 0
 2.44169	 65
 2.50769	 89
 2.5704	 140
 2.63018	 178
 2.68719	 229
 2.74247	 274
 2.79479	 281
 2.84601	 267
 2.89469	 267
 2.94252	 294
 2.98813	 240
 3.03308	 236
 3.07606	 200
 3.11854	 214
 3.15924	 220
 3.19955	 202
 3.23826	 172
 3.27665	 203
 3.31359	 176
 3.35029	 187
 3.38565	 214
 3.42083	 158
 3.45476	 192
 3.48857	 154
 3.52121	 143
 3.55377	 172
 3.58575	 174
 3.61667	 167
 3.64756	 151
 3.67746	 140
 3.70734	 162
 3.73629	 154
 3.76525	 113
 3.79333	 125
 3.82144	 133
 3.84871	 125
 3.87602	 116
 3.90254	 74
 3.92911	 58
 3.95492	 85
 3.9808	 87
 4.00595	 73
 4.03118	 69
 4.05571	 54
 4.08033	 62
 4.10428	 44
 4.12832	 25
 4.15172	 45
 4.17523	 34
 4.19811	 27
 4.2211	 47
 4.24349	 31
 4.266	 24
 4.28792	 33
 4.30997	 25
 4.33145	 25
 4.35306	 24
 4.37413	 18
 4.39532	 20
 4.41598	 20
 4.43678	 24
 4.45738	 15
 4.47747	 18
 4.49771	 11
 4.51745	 11
 4.53732	 11
 4.55672	 9
 4.57626	 9
 4.59533	 4
 4.61455	 11
 4.6333	 4
 4.65221	 5
 4.67066	 7
 4.68927	 5
 4.70744	 2
 4.72575	 11
 4.74364	 5
 4.76168	 0
 4.7793	 7
 4.79707	 11
 4.81444	 5
 4.83195	 2
 4.84907	 2
 4.86634	 0
 4.88321	 4
 4.90024	 0
 4.91689	 2
 4.93368	 0
 4.95011	 2
 4.96668	 0
 4.98288	 0
 4.99924	 4
 5.01524	 2
 5.03138	 0
 5.04718	 2
 5.06312	 0
 5.07872	 2
 5.09446	 2
 5.11012	 0
 5.12543	 0
 5.14089	 4
 5.15602	 2
 5.1713	 2
 5.18626	 2
 5.20136	 0
 5.21614	 0
 5.23108	 2
 5.24569	 0
 5.26046	 0
 5.27491	 0
 5.28951	 0
 5.30381	 4
 5.31825	 0
 5.3324	 2
 5.34669	 2
 5.36068	 2
 5.37482	 0
 5.38867	 0
 5.40266	 0
 5.41637	 2
 5.43022	 0
 5.44379	 0
 5.4575	 0
 5.47093	 2
 5.48451	 2
 5.49782	 2
 5.51126	 0
 5.52444	 0
 5.53775	 0
 5.5508	 0
 5.56399	 0
 5.57692	 0
 5.58999	 0
 5.603	 2
 5.61574	 0
 5.62863	 2
 5.64126	 0
 5.65404	 0
 5.66655	 0
 5.67922	 0
 5.69162	 0
 5.70417	 0
 5.71647	 0
 5.72891	 0
 5.74111	 2
 5.75344	 0
 5.76649	 0
 5.77796	 0
 5.78937	 0
 5.80264	 0
 5.81396	 0
 5.82524	 0
 5.83834	 2
 5.84953	 0
 5.86067	 0
 5.87362	 0
 5.88467	 0
 5.89568	 0
 5.90847	 2
 5.91939	 0
 5.93027	 0
 5.94292	 2
 5.95371	 0
 5.96447	 0
 5.97697	 0
 5.98764	 0
 6.00005	 2
 6.01064	 0
 6.02119	 2
 6.03346	 0
 6.04393	 0
 6.05437	 0
 6.06651	 0
 6.07687	 0
 6.08719	 0
 6.0992	 0
 6.10945	 0
 6.11966	 0
 6.13154	 0
 6.14168	 0
 6.15179	 2
 6.16355	 0
 6.17358	 0
 6.18525	 2
 6.19522	 0
 6.20516	 0
 6.21671	 0
 6.22658	 0
 6.23642	 0
 6.24785	 0
 6.25762	 0
 6.26736	 0
 6.27869	 0
 6.28836	 0
 6.29801	 0
 6.30922	 2
 6.3188	 0
 6.32835	 0
 6.33946	 0
 6.34895	 0
 6.35841	 0
 6.36942	 0
 6.37882	 0
 6.38975	 0
 6.39909	 0
 6.40841	 0
 6.41924	 0
 6.4285	 0
 6.43773	 0
 6.44846	 0
 6.45763	 0
 6.46678	 0
 6.47742	 0
 6.48651	 0
 6.49558	 2
 6.50612	 0
 6.51513	 0
 6.52412	 0
 6.53457	 0
 6.54351	 0
 6.5539	 0
 6.56278	 0
 6.57163	 0
 6.58194	 0
 6.59074	 0
 6.59952	 0
 6.60974	 0
 6.61847	 0
 6.62718	 0
 6.63731	 0
 6.64597	 0
 6.65461	 0
 6.66466	 0
 6.67324	 0
 6.68181	 0
 6.69178	 0
 6.7003	 0
 6.70879	 0
 6.71868	 0
 6.72713	 0
 6.73696	 0
 6.74537	 0
 6.75375	 0
 6.76351	 15
 6.77327	 0
