 0	 0
 1.06647	 0
 1.34359	 0
 1.53803	 0
 1.69305	 0
 1.82373	 0
 1.93797	 0
 2.04013	 0
 2.13296	 0
 2.21836	 0
 2.29764	 0
 2.37191	 0
 2.44169	 28
 2.50769	 67
 2.5704	 56
 2.63018	 91
 2.68719	 121
 2.74247	 172
 2.79479	 179
 2.84601	 193
 2.89469	 220
 2.94252	 197
 2.98813	 202
 3.03308	 165
 3.07606	 172
 3.11854	 185
 3.15924	 162
 3.19955	 200
 3.23826	 135
 3.27665	 139
 3.31359	 148
 3.35029	 135
 3.38565	 144
 3.42083	 169
 3.45476	 116
 3.48857	 176
 3.52121	 135
 3.55377	 120
 3.58575	 139
 3.61667	 148
 3.64756	 146
 3.67746	 128
 3.70734	 130
 3.73629	 132
 3.76525	 118
 3.79333	 98
 3.82144	 107
 3.84871	 86
 3.87602	 83
 3.90254	 90
 3.92911	 88
 3.95492	 79
 3.9808	 77
 4.00595	 74
 4.03118	 81
 4.05571	 62
 4.08033	 54
 4.10428	 35
 4.12832	 47
 4.15172	 54
 4.17523	 58
 4.19811	 32
 4.2211	 26
 4.24349	 35
 4.266	 25
 4.28792	 25
 4.30997	 33
 4.33145	 28
 4.35306	 19
 4.37413	 16
 4.39532	 26
 4.41598	 16
 4.43678	 11
 4.45738	 18
 4.47747	 11
 4.49771	 14
 4.51745	 9
 4.53732	 16
 4.55672	 9
 4.57626	 5
 4.59533	 12
 4.61455	 4
 4.6333	 4
 4.65221	 12
 4.67066	 5
 4.68927	 4
 4.70744	 5
 4.72575	 11
 4.74364	 9
 4.76168	 5
 4.7793	 0
 4.79707	 5
 4.81444	 2
 4.83195	 2
 4.84907	 0
 4.86634	 5
 4.88321	 5
 4.90024	 2
 4.91689	 2
 4.93368	 0
 4.95011	 4
 4.96668	 2
 4.98288	 0
 4.99924	 0
 5.01524	 4
 5.03138	 2
 5.04718	 2
 5.06312	 2
 5.07872	 0
 5.09446	 0
 5.11012	 2
 5.12543	 0
 5.14089	 4
 5.15602	 0
 5.1713	 4
 5.18626	 2
 5.20136	 2
 5.21614	 2
 5.23108	 2
 5.24569	 0
 5.26046	 2
 5.27491	 0
 5.28951	 2
 5.30381	 0
 5.31825	 0
 5.3324	 2
 5.34669	 0
 5.36068	 0
 5.37482	 0
 5.38867	 0
 5.40266	 0
 5.41637	 0
 5.43022	 0
 5.44379	 0
 5.4575	 2
 5.47093	 0
 5.48451	 0
 5.49782	 0
 5.51126	 0
 5.52444	 0
 5.53775	 2
 5.5508	 0
 5.56399	 0
 5.57692	 0
 5.58999	 0
 5.603	 0
 5.61574	 0
 5.62863	 0
 5.64126	 2
 5.65404	 0
 5.66655	 0
 5.67922	 0
 5.69162	 0
 5.70417	 0
 5.71647	 2
 5.72891	 0
 5.74111	 2
 5.75344	 0
 5.76649	 0
 5.77796	 0
 5.78937	 0
 5.80264	 0
 5.81396	 0
 5.82524	 0
 5.83834	 0
 5.84953	 0
 5.86067	 0
 5.87362	 0
 5.88467	 2
 5.89568	 0
 5.90847	 0
 5.91939	 0
 5.93027	 0
 5.94292	 0
 5.95371	 0
 5.96447	 0
 5.97697	 0
 5.98764	 0
 6.00005	 0
 6.01064	 0
 6.02119	 0
 6.03346	 2
 6.04393	 0
 6.05437	 2
 6.06651	 0
 6.07687	 0
 6.08719	 0
 6.0992	 0
 6.10945	 0
 6.11966	 0
 6.13154	 0
 6.14168	 0
 6.15179	 0
 6.16355	 0
 6.17358	 0
 6.18525	 0
 6.19522	 0
 6.20516	 2
 6.21671	 0
 6.22658	 0
 6.23642	 0
 6.24785	 2
 6.25762	 0
 6.26736	 0
 6.27869	 0
 6.28836	 0
 6.29801	 0
 6.30922	 0
 6.3188	 0
 6.32835	 0
 6.33946	 0
 6.34895	 0
 6.35841	 0
 6.36942	 0
 6.37882	 0
 6.38975	 0
 6.39909	 0
 6.40841	 0
 6.41924	 0
 6.4285	 0
 6.43773	 0
 6.44846	 0
 6.45763	 0
 6.46678	 0
 6.47742	 0
 6.48651	 0
 6.49558	 0
 6.50612	 0
 6.51513	 0
 6.52412	 0
 6.53457	 0
 6.54351	 0
 6.5539	 0
 6.56278	 0
 6.57163	 0
 6.58194	 0
 6.59074	 0
 6.59952	 0
 6.60974	 0
 6.61847	 0
 6.62718	 0
 6.63731	 0
 6.64597	 0
 6.65461	 0
 6.66466	 0
 6.67324	 0
 6.68181	 0
 6.69178	 0
 6.7003	 0
 6.70879	 0
 6.71868	 0
 6.72713	 0
 6.73696	 0
 6.74537	 0
 6.75375	 0
 6.76351	 12
 6.77327	 0
