 0	 0
 1.06647	 0
 1.34359	 0
 1.53803	 0
 1.69305	 0
 1.82373	 0
 1.93797	 0
 2.04013	 0
 2.13296	 0
 2.21836	 0
 2.29764	 0
 2.37191	 0
 2.44169	 26
 2.50769	 43
 2.5704	 51
 2.63018	 106
 2.68719	 123
 2.74247	 177
 2.79479	 198
 2.84601	 220
 2.89469	 186
 2.94252	 220
 2.98813	 167
 3.03308	 177
 3.07606	 181
 3.11854	 189
 3.15924	 153
 3.19955	 145
 3.23826	 138
 3.27665	 165
 3.31359	 123
 3.35029	 112
 3.38565	 152
 3.42083	 126
 3.45476	 143
 3.48857	 165
 3.52121	 130
 3.55377	 114
 3.58575	 116
 3.61667	 123
 3.64756	 130
 3.67746	 145
 3.70734	 119
 3.73629	 123
 3.76525	 112
 3.79333	 101
 3.82144	 92
 3.84871	 126
 3.87602	 68
 3.90254	 87
 3.92911	 66
 3.95492	 73
 3.9808	 60
 4.00595	 61
 4.03118	 63
 4.05571	 53
 4.08033	 34
 4.10428	 58
 4.12832	 37
 4.15172	 36
 4.17523	 32
 4.19811	 43
 4.2211	 31
 4.24349	 34
 4.266	 31
 4.28792	 22
 4.30997	 31
 4.33145	 27
 4.35306	 20
 4.37413	 22
 4.39532	 20
 4.41598	 14
 4.43678	 19
 4.45738	 14
 4.47747	 15
 4.49771	 12
 4.51745	 7
 4.53732	 10
 4.55672	 7
 4.57626	 9
 4.59533	 5
 4.61455	 9
 4.6333	 5
 4.65221	 10
 4.67066	 7
 4.68927	 7
 4.70744	 10
 4.72575	 3
 4.74364	 5
 4.76168	 7
 4.7793	 5
 4.79707	 3
 4.81444	 3
 4.83195	 2
 4.84907	 5
 4.86634	 0
 4.88321	 3
 4.90024	 2
 4.91689	 3
 4.93368	 2
 4.95011	 0
 4.96668	 3
 4.98288	 2
 4.99924	 3
 5.01524	 0
 5.03138	 2
 5.04718	 2
 5.06312	 0
 5.07872	 0
 5.09446	 0
 5.11012	 0
 5.12543	 2
 5.14089	 0
 5.15602	 2
 5.1713	 2
 5.18626	 0
 5.20136	 0
 5.21614	 0
 5.23108	 0
 5.24569	 0
 5.26046	 0
 5.27491	 0
 5.28951	 0
 5.30381	 0
 5.31825	 0
 5.3324	 0
 5.34669	 2
 5.36068	 0
 5.37482	 2
 5.38867	 0
 5.40266	 0
 5.41637	 0
 5.43022	 0
 5.44379	 0
 5.4575	 0
 5.47093	 0
 5.48451	 0
 5.49782	 0
 5.51126	 0
 5.52444	 0
 5.53775	 2
 5.5508	 0
 5.56399	 0
 5.57692	 0
 5.58999	 0
 5.603	 2
 5.61574	 2
 5.62863	 2
 5.64126	 2
 5.65404	 0
 5.66655	 2
 5.67922	 0
 5.69162	 0
 5.70417	 0
 5.71647	 0
 5.72891	 0
 5.74111	 2
 5.75344	 0
 5.76649	 0
 5.77796	 0
 5.78937	 0
 5.80264	 0
 5.81396	 0
 5.82524	 0
 5.83834	 0
 5.84953	 0
 5.86067	 0
 5.87362	 0
 5.88467	 0
 5.89568	 0
 5.90847	 0
 5.91939	 2
 5.93027	 0
 5.94292	 0
 5.95371	 0
 5.96447	 0
 5.97697	 0
 5.98764	 0
 6.00005	 0
 6.01064	 0
 6.02119	 0
 6.03346	 0
 6.04393	 0
 6.05437	 0
 6.06651	 0
 6.07687	 0
 6.08719	 0
 6.0992	 0
 6.10945	 0
 6.11966	 0
 6.13154	 0
 6.14168	 0
 6.15179	 0
 6.16355	 0
 6.17358	 0
 6.18525	 0
 6.19522	 0
 6.20516	 0
 6.21671	 0
 6.22658	 0
 6.23642	 0
 6.24785	 0
 6.25762	 0
 6.26736	 0
 6.27869	 0
 6.28836	 0
 6.29801	 0
 6.30922	 0
 6.3188	 0
 6.32835	 0
 6.33946	 0
 6.34895	 0
 6.35841	 0
 6.36942	 0
 6.37882	 0
 6.38975	 0
 6.39909	 0
 6.40841	 0
 6.41924	 0
 6.4285	 0
 6.43773	 0
 6.44846	 0
 6.45763	 0
 6.46678	 0
 6.47742	 0
 6.48651	 0
 6.49558	 0
 6.50612	 0
 6.51513	 0
 6.52412	 0
 6.53457	 0
 6.54351	 2
 6.5539	 0
 6.56278	 0
 6.57163	 0
 6.58194	 0
 6.59074	 0
 6.59952	 0
 6.60974	 0
 6.61847	 0
 6.62718	 0
 6.63731	 0
 6.64597	 0
 6.65461	 0
 6.66466	 0
 6.67324	 0
 6.68181	 0
 6.69178	 0
 6.7003	 0
 6.70879	 0
 6.71868	 0
 6.72713	 0
 6.73696	 0
 6.74537	 2
 6.75375	 0
 6.76351	 14
 6.77327	 0
