 0	 0
 1.06647	 0
 1.34359	 0
 1.53803	 0
 1.69305	 0
 1.82373	 0
 1.93797	 0
 2.04013	 0
 2.13296	 0
 2.21836	 0
 2.29764	 0
 2.37191	 0
 2.44169	 614
 2.50769	 641
 2.5704	 697
 2.63018	 833
 2.68719	 931
 2.74247	 1051
 2.79479	 1142
 2.84601	 1206
 2.89469	 1214
 2.94252	 1127
 2.98813	 1198
 3.03308	 1180
 3.07606	 1251
 3.11854	 1146
 3.15924	 1138
 3.19955	 1312
 3.23826	 1236
 3.27665	 1116
 3.31359	 942
 3.35029	 1161
 3.38565	 1123
 3.42083	 938
 3.45476	 946
 3.48857	 1036
 3.52121	 946
 3.55377	 814
 3.58575	 814
 3.61667	 742
 3.64756	 788
 3.67746	 626
 3.70734	 648
 3.73629	 584
 3.76525	 505
 3.79333	 509
 3.82144	 464
 3.84871	 456
 3.87602	 388
 3.90254	 433
 3.92911	 422
 3.95492	 313
 3.9808	 309
 4.00595	 339
 4.03118	 286
 4.05571	 222
 4.08033	 207
 4.10428	 226
 4.12832	 226
 4.15172	 219
 4.17523	 162
 4.19811	 128
 4.2211	 181
 4.24349	 139
 4.266	 121
 4.28792	 128
 4.30997	 139
 4.33145	 124
 4.35306	 121
 4.37413	 83
 4.39532	 68
 4.41598	 87
 4.43678	 102
 4.45738	 106
 4.47747	 87
 4.49771	 64
 4.51745	 41
 4.53732	 38
 4.55672	 57
 4.57626	 53
 4.59533	 26
 4.61455	 57
 4.6333	 49
 4.65221	 38
 4.67066	 34
 4.68927	 34
 4.70744	 23
 4.72575	 34
 4.74364	 30
 4.76168	 23
 4.7793	 34
 4.79707	 19
 4.81444	 23
 4.83195	 30
 4.84907	 49
 4.86634	 23
 4.88321	 19
 4.90024	 8
 4.91689	 19
 4.93368	 8
 4.95011	 15
 4.96668	 26
 4.98288	 23
 4.99924	 11
 5.01524	 4
 5.03138	 11
 5.04718	 4
 5.06312	 8
 5.07872	 8
 5.09446	 4
 5.11012	 15
 5.12543	 11
 5.14089	 4
 5.15602	 26
 5.1713	 11
 5.18626	 0
 5.20136	 11
 5.21614	 0
 5.23108	 4
 5.24569	 4
 5.26046	 0
 5.27491	 11
 5.28951	 8
 5.30381	 8
 5.31825	 8
 5.3324	 0
 5.34669	 19
 5.36068	 8
 5.37482	 0
 5.38867	 0
 5.40266	 4
 5.41637	 0
 5.43022	 4
 5.44379	 8
 5.4575	 0
 5.47093	 11
 5.48451	 8
 5.49782	 8
 5.51126	 0
 5.52444	 4
 5.53775	 4
 5.5508	 0
 5.56399	 0
 5.57692	 4
 5.58999	 4
 5.603	 4
 5.61574	 4
 5.62863	 0
 5.64126	 0
 5.65404	 0
 5.66655	 4
 5.67922	 0
 5.69162	 0
 5.70417	 0
 5.71647	 0
 5.72891	 4
 5.74111	 4
 5.75344	 0
 5.76649	 4
 5.77796	 4
 5.78937	 0
 5.80264	 0
 5.81396	 4
 5.82524	 4
 5.83834	 0
 5.84953	 0
 5.86067	 0
 5.87362	 0
 5.88467	 0
 5.89568	 0
 5.90847	 8
 5.91939	 4
 5.93027	 0
 5.94292	 0
 5.95371	 0
 5.96447	 0
 5.97697	 0
 5.98764	 0
 6.00005	 0
 6.01064	 0
 6.02119	 0
 6.03346	 0
 6.04393	 0
 6.05437	 0
 6.06651	 0
 6.07687	 0
 6.08719	 0
 6.0992	 0
 6.10945	 0
 6.11966	 4
 6.13154	 0
 6.14168	 0
 6.15179	 0
 6.16355	 0
 6.17358	 0
 6.18525	 0
 6.19522	 0
 6.20516	 0
 6.21671	 0
 6.22658	 0
 6.23642	 0
 6.24785	 4
 6.25762	 0
 6.26736	 0
 6.27869	 0
 6.28836	 0
 6.29801	 0
 6.30922	 0
 6.3188	 4
 6.32835	 0
 6.33946	 0
 6.34895	 0
 6.35841	 0
 6.36942	 0
 6.37882	 0
 6.38975	 0
 6.39909	 0
 6.40841	 0
 6.41924	 0
 6.4285	 0
 6.43773	 0
 6.44846	 0
 6.45763	 0
 6.46678	 0
 6.47742	 0
 6.48651	 0
 6.49558	 0
 6.50612	 0
 6.51513	 0
 6.52412	 0
 6.53457	 0
 6.54351	 4
 6.5539	 0
 6.56278	 0
 6.57163	 4
 6.58194	 0
 6.59074	 0
 6.59952	 0
 6.60974	 0
 6.61847	 0
 6.62718	 0
 6.63731	 0
 6.64597	 0
 6.65461	 0
 6.66466	 0
 6.67324	 0
 6.68181	 0
 6.69178	 0
 6.7003	 0
 6.70879	 0
 6.71868	 0
 6.72713	 0
 6.73696	 0
 6.74537	 0
 6.75375	 4
 6.76351	 23
 6.77327	 0
