 0	 0
 1.06647	 0
 1.34359	 0
 1.53803	 0
 1.69305	 0
 1.82373	 0
 1.93797	 0
 2.04013	 0
 2.13296	 0
 2.21836	 0
 2.29764	 0
 2.37191	 0
 2.44169	 501
 2.50769	 639
 2.5704	 746
 2.63018	 735
 2.68719	 918
 2.74247	 1052
 2.79479	 1155
 2.84601	 1155
 2.89469	 1316
 2.94252	 1270
 2.98813	 1163
 3.03308	 1125
 3.07606	 1324
 3.11854	 1266
 3.15924	 1213
 3.19955	 1171
 3.23826	 1117
 3.27665	 1239
 3.31359	 1075
 3.35029	 1098
 3.38565	 983
 3.42083	 1018
 3.45476	 1018
 3.48857	 895
 3.52121	 964
 3.55377	 826
 3.58575	 712
 3.61667	 735
 3.64756	 650
 3.67746	 643
 3.70734	 658
 3.73629	 574
 3.76525	 509
 3.79333	 551
 3.82144	 440
 3.84871	 547
 3.87602	 467
 3.90254	 363
 3.92911	 394
 3.95492	 363
 3.9808	 310
 4.00595	 325
 4.03118	 256
 4.05571	 275
 4.08033	 287
 4.10428	 245
 4.12832	 249
 4.15172	 153
 4.17523	 130
 4.19811	 184
 4.2211	 122
 4.24349	 153
 4.266	 130
 4.28792	 145
 4.30997	 119
 4.33145	 111
 4.35306	 92
 4.37413	 107
 4.39532	 73
 4.41598	 77
 4.43678	 96
 4.45738	 88
 4.47747	 61
 4.49771	 50
 4.51745	 69
 4.53732	 88
 4.55672	 31
 4.57626	 61
 4.59533	 31
 4.61455	 27
 4.6333	 31
 4.65221	 31
 4.67066	 54
 4.68927	 31
 4.70744	 15
 4.72575	 42
 4.74364	 19
 4.76168	 27
 4.7793	 19
 4.79707	 27
 4.81444	 50
 4.83195	 15
 4.84907	 23
 4.86634	 34
 4.88321	 23
 4.90024	 19
 4.91689	 23
 4.93368	 27
 4.95011	 23
 4.96668	 8
 4.98288	 15
 4.99924	 8
 5.01524	 19
 5.03138	 15
 5.04718	 19
 5.06312	 23
 5.07872	 11
 5.09446	 0
 5.11012	 4
 5.12543	 4
 5.14089	 8
 5.15602	 0
 5.1713	 8
 5.18626	 11
 5.20136	 4
 5.21614	 4
 5.23108	 0
 5.24569	 4
 5.26046	 8
 5.27491	 11
 5.28951	 8
 5.30381	 11
 5.31825	 11
 5.3324	 8
 5.34669	 0
 5.36068	 4
 5.37482	 4
 5.38867	 4
 5.40266	 8
 5.41637	 8
 5.43022	 8
 5.44379	 0
 5.4575	 0
 5.47093	 4
 5.48451	 4
 5.49782	 8
 5.51126	 0
 5.52444	 0
 5.53775	 4
 5.5508	 0
 5.56399	 0
 5.57692	 4
 5.58999	 8
 5.603	 4
 5.61574	 0
 5.62863	 4
 5.64126	 0
 5.65404	 8
 5.66655	 4
 5.67922	 4
 5.69162	 0
 5.70417	 8
 5.71647	 4
 5.72891	 0
 5.74111	 0
 5.75344	 4
 5.76649	 0
 5.77796	 0
 5.78937	 0
 5.80264	 0
 5.81396	 0
 5.82524	 0
 5.83834	 0
 5.84953	 4
 5.86067	 0
 5.87362	 0
 5.88467	 0
 5.89568	 0
 5.90847	 0
 5.91939	 0
 5.93027	 0
 5.94292	 0
 5.95371	 0
 5.96447	 0
 5.97697	 4
 5.98764	 0
 6.00005	 4
 6.01064	 0
 6.02119	 0
 6.03346	 0
 6.04393	 0
 6.05437	 0
 6.06651	 0
 6.07687	 0
 6.08719	 0
 6.0992	 0
 6.10945	 4
 6.11966	 0
 6.13154	 0
 6.14168	 0
 6.15179	 0
 6.16355	 0
 6.17358	 0
 6.18525	 0
 6.19522	 0
 6.20516	 0
 6.21671	 0
 6.22658	 0
 6.23642	 0
 6.24785	 0
 6.25762	 0
 6.26736	 0
 6.27869	 0
 6.28836	 0
 6.29801	 0
 6.30922	 0
 6.3188	 0
 6.32835	 0
 6.33946	 0
 6.34895	 0
 6.35841	 0
 6.36942	 0
 6.37882	 8
 6.38975	 0
 6.39909	 0
 6.40841	 0
 6.41924	 0
 6.4285	 0
 6.43773	 0
 6.44846	 0
 6.45763	 4
 6.46678	 0
 6.47742	 0
 6.48651	 0
 6.49558	 0
 6.50612	 0
 6.51513	 0
 6.52412	 0
 6.53457	 0
 6.54351	 0
 6.5539	 0
 6.56278	 0
 6.57163	 0
 6.58194	 0
 6.59074	 0
 6.59952	 0
 6.60974	 0
 6.61847	 0
 6.62718	 0
 6.63731	 0
 6.64597	 0
 6.65461	 0
 6.66466	 0
 6.67324	 0
 6.68181	 0
 6.69178	 0
 6.7003	 0
 6.70879	 0
 6.71868	 0
 6.72713	 0
 6.73696	 0
 6.74537	 0
 6.75375	 0
 6.76351	 11
 6.77327	 0
