 0	 0
 1.06647	 0
 1.34359	 0
 1.53803	 0
 1.69305	 0
 1.82373	 0
 1.93797	 0
 2.04013	 0
 2.13296	 0
 2.21836	 0
 2.29764	 0
 2.37191	 0
 2.44169	 306
 2.50769	 384
 2.5704	 523
 2.63018	 639
 2.68719	 717
 2.74247	 895
 2.79479	 961
 2.84601	 1038
 2.89469	 1205
 2.94252	 1081
 2.98813	 1302
 3.03308	 1096
 3.07606	 1243
 3.11854	 1290
 3.15924	 1232
 3.19955	 1174
 3.23826	 1154
 3.27665	 1131
 3.31359	 980
 3.35029	 1127
 3.38565	 1034
 3.42083	 1054
 3.45476	 934
 3.48857	 941
 3.52121	 872
 3.55377	 848
 3.58575	 844
 3.61667	 767
 3.64756	 771
 3.67746	 705
 3.70734	 786
 3.73629	 682
 3.76525	 616
 3.79333	 612
 3.82144	 581
 3.84871	 604
 3.87602	 566
 3.90254	 496
 3.92911	 476
 3.95492	 395
 3.9808	 461
 4.00595	 387
 4.03118	 314
 4.05571	 271
 4.08033	 356
 4.10428	 322
 4.12832	 287
 4.15172	 271
 4.17523	 263
 4.19811	 236
 4.2211	 194
 4.24349	 182
 4.266	 167
 4.28792	 139
 4.30997	 151
 4.33145	 167
 4.35306	 124
 4.37413	 132
 4.39532	 101
 4.41598	 120
 4.43678	 101
 4.45738	 97
 4.47747	 70
 4.49771	 85
 4.51745	 81
 4.53732	 93
 4.55672	 105
 4.57626	 50
 4.59533	 70
 4.61455	 54
 4.6333	 62
 4.65221	 66
 4.67066	 50
 4.68927	 54
 4.70744	 12
 4.72575	 62
 4.74364	 46
 4.76168	 35
 4.7793	 35
 4.79707	 43
 4.81444	 27
 4.83195	 39
 4.84907	 27
 4.86634	 35
 4.88321	 27
 4.90024	 19
 4.91689	 8
 4.93368	 27
 4.95011	 15
 4.96668	 35
 4.98288	 15
 4.99924	 12
 5.01524	 8
 5.03138	 19
 5.04718	 15
 5.06312	 15
 5.07872	 12
 5.09446	 4
 5.11012	 12
 5.12543	 12
 5.14089	 15
 5.15602	 4
 5.1713	 8
 5.18626	 0
 5.20136	 12
 5.21614	 8
 5.23108	 8
 5.24569	 19
 5.26046	 12
 5.27491	 8
 5.28951	 8
 5.30381	 0
 5.31825	 12
 5.3324	 8
 5.34669	 4
 5.36068	 4
 5.37482	 4
 5.38867	 0
 5.40266	 12
 5.41637	 0
 5.43022	 8
 5.44379	 8
 5.4575	 0
 5.47093	 0
 5.48451	 8
 5.49782	 0
 5.51126	 4
 5.52444	 8
 5.53775	 8
 5.5508	 0
 5.56399	 4
 5.57692	 8
 5.58999	 4
 5.603	 0
 5.61574	 4
 5.62863	 4
 5.64126	 0
 5.65404	 0
 5.66655	 4
 5.67922	 0
 5.69162	 8
 5.70417	 12
 5.71647	 8
 5.72891	 0
 5.74111	 4
 5.75344	 4
 5.76649	 0
 5.77796	 4
 5.78937	 0
 5.80264	 0
 5.81396	 0
 5.82524	 0
 5.83834	 0
 5.84953	 0
 5.86067	 4
 5.87362	 4
 5.88467	 0
 5.89568	 0
 5.90847	 4
 5.91939	 0
 5.93027	 4
 5.94292	 0
 5.95371	 4
 5.96447	 0
 5.97697	 0
 5.98764	 0
 6.00005	 0
 6.01064	 0
 6.02119	 0
 6.03346	 0
 6.04393	 0
 6.05437	 4
 6.06651	 0
 6.07687	 0
 6.08719	 4
 6.0992	 0
 6.10945	 0
 6.11966	 0
 6.13154	 0
 6.14168	 0
 6.15179	 4
 6.16355	 0
 6.17358	 0
 6.18525	 0
 6.19522	 0
 6.20516	 0
 6.21671	 0
 6.22658	 0
 6.23642	 0
 6.24785	 0
 6.25762	 0
 6.26736	 0
 6.27869	 0
 6.28836	 0
 6.29801	 0
 6.30922	 0
 6.3188	 0
 6.32835	 0
 6.33946	 0
 6.34895	 0
 6.35841	 0
 6.36942	 0
 6.37882	 0
 6.38975	 0
 6.39909	 0
 6.40841	 4
 6.41924	 0
 6.4285	 0
 6.43773	 0
 6.44846	 0
 6.45763	 0
 6.46678	 0
 6.47742	 0
 6.48651	 0
 6.49558	 4
 6.50612	 0
 6.51513	 0
 6.52412	 0
 6.53457	 0
 6.54351	 0
 6.5539	 0
 6.56278	 0
 6.57163	 0
 6.58194	 4
 6.59074	 0
 6.59952	 0
 6.60974	 0
 6.61847	 0
 6.62718	 0
 6.63731	 0
 6.64597	 0
 6.65461	 0
 6.66466	 0
 6.67324	 0
 6.68181	 0
 6.69178	 0
 6.7003	 0
 6.70879	 0
 6.71868	 0
 6.72713	 0
 6.73696	 0
 6.74537	 0
 6.75375	 0
 6.76351	 39
 6.77327	 0
