 0	 0
 1.06647	 0
 1.34359	 0
 1.53803	 0
 1.69305	 0
 1.82373	 0
 1.93797	 0
 2.04013	 0
 2.13296	 0
 2.21836	 0
 2.29764	 0
 2.37191	 0
 2.44169	 390
 2.50769	 363
 2.5704	 455
 2.63018	 571
 2.68719	 768
 2.74247	 880
 2.79479	 1146
 2.84601	 1076
 2.89469	 1184
 2.94252	 1177
 2.98813	 1258
 3.03308	 1219
 3.07606	 1239
 3.11854	 1138
 3.15924	 1262
 3.19955	 1080
 3.23826	 1177
 3.27665	 1096
 3.31359	 1150
 3.35029	 1103
 3.38565	 1015
 3.42083	 934
 3.45476	 853
 3.48857	 949
 3.52121	 837
 3.55377	 891
 3.58575	 887
 3.61667	 756
 3.64756	 799
 3.67746	 779
 3.70734	 633
 3.73629	 594
 3.76525	 656
 3.79333	 667
 3.82144	 633
 3.84871	 598
 3.87602	 471
 3.90254	 448
 3.92911	 463
 3.95492	 405
 3.9808	 351
 4.00595	 413
 4.03118	 382
 4.05571	 247
 4.08033	 316
 4.10428	 274
 4.12832	 293
 4.15172	 243
 4.17523	 266
 4.19811	 193
 4.2211	 185
 4.24349	 158
 4.266	 204
 4.28792	 162
 4.30997	 116
 4.33145	 89
 4.35306	 131
 4.37413	 108
 4.39532	 93
 4.41598	 131
 4.43678	 73
 4.45738	 96
 4.47747	 73
 4.49771	 96
 4.51745	 93
 4.53732	 39
 4.55672	 85
 4.57626	 69
 4.59533	 73
 4.61455	 46
 4.6333	 69
 4.65221	 54
 4.67066	 35
 4.68927	 46
 4.70744	 54
 4.72575	 54
 4.74364	 54
 4.76168	 66
 4.7793	 31
 4.79707	 54
 4.81444	 39
 4.83195	 12
 4.84907	 23
 4.86634	 35
 4.88321	 31
 4.90024	 35
 4.91689	 12
 4.93368	 31
 4.95011	 42
 4.96668	 15
 4.98288	 15
 4.99924	 12
 5.01524	 23
 5.03138	 27
 5.04718	 19
 5.06312	 12
 5.07872	 12
 5.09446	 19
 5.11012	 15
 5.12543	 8
 5.14089	 12
 5.15602	 15
 5.1713	 0
 5.18626	 19
 5.20136	 0
 5.21614	 8
 5.23108	 8
 5.24569	 12
 5.26046	 23
 5.27491	 0
 5.28951	 12
 5.30381	 0
 5.31825	 0
 5.3324	 4
 5.34669	 12
 5.36068	 0
 5.37482	 0
 5.38867	 0
 5.40266	 8
 5.41637	 8
 5.43022	 0
 5.44379	 8
 5.4575	 4
 5.47093	 0
 5.48451	 8
 5.49782	 12
 5.51126	 0
 5.52444	 8
 5.53775	 4
 5.5508	 0
 5.56399	 4
 5.57692	 4
 5.58999	 4
 5.603	 8
 5.61574	 0
 5.62863	 4
 5.64126	 0
 5.65404	 0
 5.66655	 4
 5.67922	 0
 5.69162	 0
 5.70417	 0
 5.71647	 4
 5.72891	 4
 5.74111	 0
 5.75344	 0
 5.76649	 0
 5.77796	 0
 5.78937	 0
 5.80264	 4
 5.81396	 12
 5.82524	 0
 5.83834	 0
 5.84953	 0
 5.86067	 0
 5.87362	 4
 5.88467	 0
 5.89568	 0
 5.90847	 4
 5.91939	 4
 5.93027	 0
 5.94292	 0
 5.95371	 0
 5.96447	 0
 5.97697	 0
 5.98764	 0
 6.00005	 0
 6.01064	 0
 6.02119	 0
 6.03346	 0
 6.04393	 0
 6.05437	 0
 6.06651	 0
 6.07687	 0
 6.08719	 0
 6.0992	 0
 6.10945	 0
 6.11966	 0
 6.13154	 4
 6.14168	 0
 6.15179	 0
 6.16355	 0
 6.17358	 0
 6.18525	 0
 6.19522	 4
 6.20516	 0
 6.21671	 0
 6.22658	 0
 6.23642	 0
 6.24785	 0
 6.25762	 0
 6.26736	 0
 6.27869	 8
 6.28836	 0
 6.29801	 0
 6.30922	 0
 6.3188	 0
 6.32835	 0
 6.33946	 0
 6.34895	 0
 6.35841	 0
 6.36942	 0
 6.37882	 0
 6.38975	 0
 6.39909	 0
 6.40841	 0
 6.41924	 0
 6.4285	 0
 6.43773	 0
 6.44846	 0
 6.45763	 0
 6.46678	 0
 6.47742	 0
 6.48651	 0
 6.49558	 0
 6.50612	 0
 6.51513	 0
 6.52412	 0
 6.53457	 0
 6.54351	 0
 6.5539	 0
 6.56278	 0
 6.57163	 0
 6.58194	 0
 6.59074	 0
 6.59952	 0
 6.60974	 0
 6.61847	 0
 6.62718	 0
 6.63731	 0
 6.64597	 4
 6.65461	 0
 6.66466	 0
 6.67324	 0
 6.68181	 0
 6.69178	 0
 6.7003	 0
 6.70879	 0
 6.71868	 0
 6.72713	 0
 6.73696	 0
 6.74537	 0
 6.75375	 0
 6.76351	 27
 6.77327	 0
