 0	 0
 1.06647	 0
 1.34359	 0
 1.53803	 0
 1.69305	 0
 1.82373	 0
 1.93797	 0
 2.04013	 0
 2.13296	 0
 2.21836	 0
 2.29764	 0
 2.37191	 0
 2.44169	 1072
 2.50769	 1023
 2.5704	 1088
 2.63018	 974
 2.68719	 895
 2.74247	 873
 2.79479	 868
 2.84601	 822
 2.89469	 846
 2.94252	 887
 2.98813	 765
 3.03308	 770
 3.07606	 732
 3.11854	 732
 3.15924	 697
 3.19955	 566
 3.23826	 628
 3.27665	 522
 3.31359	 571
 3.35029	 454
 3.38565	 400
 3.42083	 386
 3.45476	 346
 3.48857	 329
 3.52121	 318
 3.55377	 332
 3.58575	 234
 3.61667	 196
 3.64756	 177
 3.67746	 174
 3.70734	 174
 3.73629	 166
 3.76525	 161
 3.79333	 171
 3.82144	 112
 3.84871	 120
 3.87602	 112
 3.90254	 93
 3.92911	 95
 3.95492	 52
 3.9808	 82
 4.00595	 60
 4.03118	 52
 4.05571	 54
 4.08033	 57
 4.10428	 44
 4.12832	 60
 4.15172	 49
 4.17523	 35
 4.19811	 41
 4.2211	 44
 4.24349	 16
 4.266	 38
 4.28792	 19
 4.30997	 19
 4.33145	 27
 4.35306	 22
 4.37413	 35
 4.39532	 19
 4.41598	 11
 4.43678	 16
 4.45738	 19
 4.47747	 14
 4.49771	 16
 4.51745	 24
 4.53732	 14
 4.55672	 16
 4.57626	 5
 4.59533	 16
 4.61455	 8
 4.6333	 19
 4.65221	 8
 4.67066	 14
 4.68927	 14
 4.70744	 8
 4.72575	 5
 4.74364	 8
 4.76168	 5
 4.7793	 16
 4.79707	 3
 4.81444	 0
 4.83195	 8
 4.84907	 5
 4.86634	 3
 4.88321	 5
 4.90024	 5
 4.91689	 0
 4.93368	 0
 4.95011	 3
 4.96668	 3
 4.98288	 0
 4.99924	 5
 5.01524	 8
 5.03138	 8
 5.04718	 5
 5.06312	 0
 5.07872	 5
 5.09446	 8
 5.11012	 3
 5.12543	 3
 5.14089	 0
 5.15602	 0
 5.1713	 3
 5.18626	 3
 5.20136	 3
 5.21614	 3
 5.23108	 3
 5.24569	 5
 5.26046	 3
 5.27491	 0
 5.28951	 3
 5.30381	 0
 5.31825	 5
 5.3324	 5
 5.34669	 3
 5.36068	 3
 5.37482	 0
 5.38867	 3
 5.40266	 0
 5.41637	 0
 5.43022	 0
 5.44379	 0
 5.4575	 5
 5.47093	 3
 5.48451	 0
 5.49782	 0
 5.51126	 0
 5.52444	 0
 5.53775	 0
 5.5508	 0
 5.56399	 0
 5.57692	 0
 5.58999	 0
 5.603	 0
 5.61574	 3
 5.62863	 0
 5.64126	 3
 5.65404	 0
 5.66655	 3
 5.67922	 0
 5.69162	 0
 5.70417	 0
 5.71647	 3
 5.72891	 0
 5.74111	 0
 5.75344	 3
 5.76649	 0
 5.77796	 0
 5.78937	 0
 5.80264	 0
 5.81396	 0
 5.82524	 0
 5.83834	 3
 5.84953	 0
 5.86067	 0
 5.87362	 0
 5.88467	 3
 5.89568	 0
 5.90847	 0
 5.91939	 0
 5.93027	 0
 5.94292	 3
 5.95371	 0
 5.96447	 0
 5.97697	 0
 5.98764	 0
 6.00005	 0
 6.01064	 0
 6.02119	 0
 6.03346	 0
 6.04393	 0
 6.05437	 0
 6.06651	 0
 6.07687	 0
 6.08719	 0
 6.0992	 0
 6.10945	 0
 6.11966	 0
 6.13154	 3
 6.14168	 0
 6.15179	 0
 6.16355	 0
 6.17358	 0
 6.18525	 0
 6.19522	 0
 6.20516	 0
 6.21671	 0
 6.22658	 0
 6.23642	 0
 6.24785	 0
 6.25762	 0
 6.26736	 0
 6.27869	 0
 6.28836	 0
 6.29801	 0
 6.30922	 0
 6.3188	 0
 6.32835	 0
 6.33946	 0
 6.34895	 0
 6.35841	 0
 6.36942	 3
 6.37882	 0
 6.38975	 0
 6.39909	 0
 6.40841	 0
 6.41924	 0
 6.4285	 0
 6.43773	 0
 6.44846	 0
 6.45763	 0
 6.46678	 0
 6.47742	 0
 6.48651	 0
 6.49558	 0
 6.50612	 0
 6.51513	 0
 6.52412	 0
 6.53457	 0
 6.54351	 0
 6.5539	 0
 6.56278	 0
 6.57163	 0
 6.58194	 0
 6.59074	 0
 6.59952	 0
 6.60974	 0
 6.61847	 0
 6.62718	 0
 6.63731	 0
 6.64597	 0
 6.65461	 0
 6.66466	 0
 6.67324	 0
 6.68181	 0
 6.69178	 0
 6.7003	 0
 6.70879	 0
 6.71868	 0
 6.72713	 0
 6.73696	 0
 6.74537	 0
 6.75375	 0
 6.76351	 8
 6.77327	 0
