 0	 0
 1.06647	 0
 1.34359	 0
 1.53803	 0
 1.69305	 0
 1.82373	 0
 1.93797	 0
 2.04013	 0
 2.13296	 0
 2.21836	 0
 2.29764	 0
 2.37191	 0
 2.44169	 269
 2.50769	 434
 2.5704	 564
 2.63018	 631
 2.68719	 750
 2.74247	 714
 2.79479	 727
 2.84601	 740
 2.89469	 696
 2.94252	 665
 2.98813	 659
 3.03308	 595
 3.07606	 688
 3.11854	 628
 3.15924	 569
 3.19955	 603
 3.23826	 564
 3.27665	 530
 3.31359	 605
 3.35029	 512
 3.38565	 522
 3.42083	 481
 3.45476	 468
 3.48857	 445
 3.52121	 437
 3.55377	 434
 3.58575	 458
 3.61667	 432
 3.64756	 365
 3.67746	 385
 3.70734	 326
 3.73629	 349
 3.76525	 259
 3.79333	 259
 3.82144	 197
 3.84871	 246
 3.87602	 220
 3.90254	 207
 3.92911	 178
 3.95492	 142
 3.9808	 199
 4.00595	 96
 4.03118	 116
 4.05571	 122
 4.08033	 111
 4.10428	 93
 4.12832	 75
 4.15172	 103
 4.17523	 91
 4.19811	 62
 4.2211	 47
 4.24349	 57
 4.266	 54
 4.28792	 52
 4.30997	 21
 4.33145	 44
 4.35306	 39
 4.37413	 41
 4.39532	 26
 4.41598	 23
 4.43678	 21
 4.45738	 34
 4.47747	 31
 4.49771	 16
 4.51745	 21
 4.53732	 18
 4.55672	 13
 4.57626	 26
 4.59533	 21
 4.61455	 21
 4.6333	 10
 4.65221	 21
 4.67066	 8
 4.68927	 5
 4.70744	 8
 4.72575	 8
 4.74364	 5
 4.76168	 8
 4.7793	 16
 4.79707	 13
 4.81444	 8
 4.83195	 5
 4.84907	 3
 4.86634	 3
 4.88321	 3
 4.90024	 3
 4.91689	 0
 4.93368	 5
 4.95011	 3
 4.96668	 5
 4.98288	 3
 4.99924	 5
 5.01524	 5
 5.03138	 10
 5.04718	 3
 5.06312	 3
 5.07872	 3
 5.09446	 3
 5.11012	 0
 5.12543	 3
 5.14089	 0
 5.15602	 3
 5.1713	 0
 5.18626	 0
 5.20136	 0
 5.21614	 0
 5.23108	 0
 5.24569	 0
 5.26046	 0
 5.27491	 0
 5.28951	 0
 5.30381	 3
 5.31825	 0
 5.3324	 0
 5.34669	 0
 5.36068	 0
 5.37482	 3
 5.38867	 0
 5.40266	 0
 5.41637	 0
 5.43022	 0
 5.44379	 3
 5.4575	 0
 5.47093	 0
 5.48451	 0
 5.49782	 0
 5.51126	 0
 5.52444	 0
 5.53775	 0
 5.5508	 3
 5.56399	 0
 5.57692	 3
 5.58999	 0
 5.603	 0
 5.61574	 0
 5.62863	 0
 5.64126	 3
 5.65404	 0
 5.66655	 0
 5.67922	 0
 5.69162	 0
 5.70417	 0
 5.71647	 0
 5.72891	 0
 5.74111	 0
 5.75344	 0
 5.76649	 0
 5.77796	 0
 5.78937	 0
 5.80264	 0
 5.81396	 0
 5.82524	 0
 5.83834	 0
 5.84953	 0
 5.86067	 0
 5.87362	 0
 5.88467	 0
 5.89568	 0
 5.90847	 0
 5.91939	 0
 5.93027	 3
 5.94292	 0
 5.95371	 0
 5.96447	 0
 5.97697	 0
 5.98764	 0
 6.00005	 0
 6.01064	 3
 6.02119	 0
 6.03346	 0
 6.04393	 0
 6.05437	 0
 6.06651	 0
 6.07687	 0
 6.08719	 0
 6.0992	 0
 6.10945	 0
 6.11966	 0
 6.13154	 0
 6.14168	 0
 6.15179	 0
 6.16355	 0
 6.17358	 0
 6.18525	 3
 6.19522	 0
 6.20516	 0
 6.21671	 0
 6.22658	 0
 6.23642	 3
 6.24785	 0
 6.25762	 3
 6.26736	 0
 6.27869	 0
 6.28836	 0
 6.29801	 0
 6.30922	 0
 6.3188	 0
 6.32835	 0
 6.33946	 0
 6.34895	 0
 6.35841	 0
 6.36942	 0
 6.37882	 0
 6.38975	 0
 6.39909	 0
 6.40841	 0
 6.41924	 0
 6.4285	 3
 6.43773	 0
 6.44846	 0
 6.45763	 0
 6.46678	 0
 6.47742	 0
 6.48651	 0
 6.49558	 0
 6.50612	 0
 6.51513	 0
 6.52412	 0
 6.53457	 0
 6.54351	 0
 6.5539	 0
 6.56278	 0
 6.57163	 0
 6.58194	 0
 6.59074	 0
 6.59952	 0
 6.60974	 0
 6.61847	 0
 6.62718	 3
 6.63731	 0
 6.64597	 0
 6.65461	 0
 6.66466	 0
 6.67324	 0
 6.68181	 0
 6.69178	 0
 6.7003	 0
 6.70879	 0
 6.71868	 0
 6.72713	 0
 6.73696	 0
 6.74537	 0
 6.75375	 0
 6.76351	 3
 6.77327	 0
